0.00000000
0.51620829
0.26694775
0.28686142
0.38506919
0.35963255
0.27044356
0.54625869
0.60855162
0.00000000
0.58054024
0.53418106
0.35721728
0.31113139
0.38905802
0.32171312
0.44071078
0.53101456
0.00000000
0.65224135
0.52143955
0.52436501
0.58925790
0.74117696
1.16414309
1.11531079
1.28362429
0.89693421
1.53060699
1.51434207
1.39145601
0.94050062
0.55936819
0.48066273
0.47303972
0.17685615
0.00000000
0.34331450
0.31582701
0.31085432
0.52524364
1.14299059
0.91117710
0.33538732
0.56412995
0.40498605
0.62119287
0.64963967
0.57696116
1.46708882
0.90775979
0.39918563
0.25258374
0.04854399
0.00000000
0.28952622
0.35266152
0.29335332
1.19956791
0.62516659
0.13117078
0.00000000
0.00000000
0.00000000
0.00000000
0.00000000
0.00000000
0.00000000
0.81681937
0.75168169
0.28906468
0.04162250
0.00000000
0.21874633
0.43655497
0.34039211
0.53360766
0.00000000
0.00000000
0.00000000
0.00000000
0.00000000
0.00000000
0.00000000
0.00000000
0.00000000
0.00000000
0.38763022
0.36201683
0.03271111
0.00000000
0.15378557
0.45985520
0.00000000
0.00000000
0.00000000
0.00000000
0.00000000
0.00000000
0.00000000
0.00000000
0.00000000
0.00000000
0.00000000
0.00000000
0.00000000
0.05843293
0.09213752
0.00000000
0.28547868
0.51193386
0.84872359
0.00000000
0.00000000
0.00000000
0.00000000
0.00000000
0.00000000
0.00000000
0.00000000
0.00000000
0.00000000
0.60024208
0.25985759
0.39017501
0.08797523
0.00000000
0.32986742
0.27163026
1.06689441
0.29164591
0.81074655
0.40280041
0.54734963
0.49885896
0.89784604
0.26863721
0.00000000
0.63050610
0.86091536
0.61938608
0.51385719
0.27564621
0.00000000
0.00000000
0.36843643
0.16244790
0.52478695
0.62291729
0.90253085
0.56481326
0.20169905
0.00000000
0.00000000
0.00000000
0.00000000
0.07827090
0.91386831
0.40569723
0.29767960
0.22203016
0.00000000
0.00000000
0.32117435
0.25176942
0.20276982
0.34532940
0.60123980
1.04528773
0.81785697
0.81057698
0.12203594
0.00000000
0.12388384
0.76249081
0.60189396
0.11616639
0.20250207
0.24919015
0.00000000
0.00000000
0.29080477
0.31000865
0.25422248
0.17406593
0.34698486
0.54107678
0.50654644
0.29295850
0.01086910
0.18892984
0.54790133
0.42116407
0.23937801
0.22718100
0.26312032
0.16287132
0.00250868
0.00000000
0.22778498
0.33314776
0.29812169
0.23264188
0.26557550
0.29824683
0.47097197
0.37028328
0.62333578
0.41044694
0.17166872
0.19455320
0.24411912
0.19841644
0.11067780
0.22208346
0.00000000
0.00000000
0.24283259
0.28988853
0.26622692
0.28628322
0.20018709
0.27051193
0.31276771
0.34481791
0.35664600
0.39543411
0.43582997
0.39595464
0.35676977
0.34683776
0.25412914
0.20224519
0.00000000
0.00000000
0.00000000
0.00000000
0.00000000
0.00000000
0.00000000
0.00000000
0.00000000
0.00000000
0.00000000
0.00000000
0.00000000
0.00000000
0.00000000
0.00000000
0.00000000
0.00000000
0.00000000
0.03722823
0.12098005
0.28835064
0.22822961
0.22955175
0.26739499
0.33493915
0.39544949
0.62281191
0.48207822
0.50754398
0.42825085
0.23881800
0.19680931
0.12207153
0.12420911
0.07352683
0.00000000
0.00000000
0.00000000
0.00000000
0.00000000
0.00000000
0.17236146
1.06622803
1.78806973
1.61207366
1.65378761
1.77417481
1.79701018
0.94597846
0.31072482
0.00000000
0.00000000
0.00000000
0.00000000
0.00000000
0.00000000
0.00000000
0.00000000
0.00000000
1.28371704
2.12797236
2.43850708
2.47525644
1.97627246
2.57625961
2.66082430
2.45536470
0.90745163
0.22894031
0.00000000
0.00000000
0.00000000
0.00000000
0.00000000
0.00000000
0.36185443
0.94429415
2.58478093
2.16001558
2.16509819
2.22257066
2.41252518
2.21520257
2.65824676
2.91135025
2.71982646
1.39689469
0.20392466
0.00000000
0.00000000
0.00000000
0.00000000
0.00000000
0.94376194
1.76710069
1.75067735
1.70622742
1.15939343
0.96252537
2.13710618
0.22927319
2.23280787
2.70987630
1.94938350
2.61690307
0.71883017
0.00000000
0.00000000
0.00000000
0.00000000
0.00000000
0.89573961
1.41069210
1.39551950
1.08110166
0.66659641
0.45225325
1.30487287
0.00000000
0.72037369
1.17221153
1.32701039
1.92579794
1.33066881
0.00000000
0.00000000
0.00000000
0.00000000
0.00000000
0.56548834
1.83928609
1.66262245
1.81903327
0.86231214
1.45253623
1.64671504
0.96690440
1.19953632
2.18920398
2.23896694
1.92690909
0.06890042
0.00000000
0.00000000
0.00000000
0.00000000
0.00000000
0.00000000
1.53228092
1.59046483
1.95897949
1.04264879
2.17440104
1.88017845
1.72908902
1.77452230
2.61257815
2.03673744
1.11952209
0.00000000
0.00000000
0.00000000
0.00000000
0.00000000
0.00000000
0.00000000
0.85755455
1.27269387
2.08054900
0.99038118
2.41554523
2.10185170
2.32684994
2.47948098
2.30119181
1.04170692
0.11442315
0.00000000
0.00000000
0.00000000
0.00000000
0.00000000
0.00000000
0.00000000
0.00000000
0.40524143
1.16772997
1.05047762
1.27543437
1.61737692
1.78405213
1.48011327
0.74940228
0.21514006
0.00000000
0.00000000
0.00000000
0.00000000
0.00000000
0.00000000
0.00000000
0.00000000
0.00000000
0.00000000
0.00000000
0.00000000
0.00000000
0.07257822
0.14247771
0.00000000
0.00000000
0.00000000
0.00000000
0.00000000
0.00000000
0.00000000
0.00000000
0.00000000
0.00000000
0.00000000
0.00000000
0.00000000
0.00000000
0.00000000
0.00000000
0.00000000
0.00000000
0.00000000
0.00000000
0.00000000
0.00000000
0.00000000
0.00000000
0.00000000
0.00000000
0.00000000
0.00000000
0.00000000
0.00000000
0.00000000
0.00000000
0.00000000
0.00000000
0.00000000
0.00000000
0.00000000
0.00000000
0.00000000
0.00000000
0.00000000
0.00000000
0.00000000
0.00000000
0.00000000
0.00000000
0.00000000
0.00000000
0.00000000
0.00000000
0.00000000
0.00000000
0.00000000
0.00000000
0.00000000
0.00000000
0.00000000
0.00000000
0.00000000
0.00000000
0.00000000
0.64249736
0.70429629
0.92107981
0.87220401
0.81308925
0.87685704
0.82270801
0.34891868
0.47314033
0.64761806
0.39911917
0.68308651
0.79084271
0.90720284
0.97741497
0.99334323
0.90277636
0.30198917
0.51130527
1.03829658
0.99949318
0.99922460
0.90481466
0.76489538
0.26877853
0.00000000
0.00000000
0.00000000
0.00000000
0.00000000
0.27882436
0.75858420
1.05661595
1.01374280
1.04865873
0.67823112
0.49970248
1.01986623
1.01121664
1.08689356
0.65541393
0.31030464
0.01254175
0.00000000
0.00000000
0.00000000
0.00000000
0.00000000
0.00000000
0.09554411
0.65882862
1.01509643
1.10002136
0.76009053
0.50896084
0.99815804
0.90867209
0.95392430
0.30314645
0.01141228
0.00000000
0.01627338
0.00000000
0.00000000
0.00000000
0.00000000
0.00000000
0.10942757
0.15842035
0.77260995
1.04118574
0.77512461
0.58010936
0.90315628
0.83635485
0.93692183
0.43792349
0.00000000
0.39218235
0.84709418
0.84471101
1.20571446
0.00702668
0.14978230
0.00000000
0.00000000
0.39185947
0.73835653
0.94307297
0.79307663
0.72811943
0.96457964
1.13347530
0.87001574
0.00000000
0.08056723
0.16150866
0.00000000
0.09877007
0.39728582
0.00000000
0.00000000
0.00000000
0.05489256
0.37791881
0.43183973
0.76921892
0.76292169
0.73669910
1.06041217
0.99605006
0.72024757
0.22270477
0.00000000
0.00000000
0.00000000
0.02644810
0.00000000
0.00000000
0.00000000
0.00000000
0.00000000
0.13797601
0.27234623
1.07847428
0.73283732
0.72652620
1.08525395
0.91821802
0.77990556
0.83831555
0.00000000
0.00000000
0.00000000
0.00000000
0.00000000
0.00000000
0.00000000
0.00000000
0.00000000
0.62201303
0.71534109
1.18126369
0.83517015
0.77848995
1.13549197
1.11801898
0.65807229
1.07306790
0.44387436
0.18523556
0.00000000
0.00000000
0.00000000
0.00000000
0.00000000
0.04731747
0.43182039
0.81545115
0.91680211
1.11964369
0.93128043
0.89354461
1.14748096
1.13427293
0.93731260
1.03310204
0.83303815
0.66567820
0.72793382
0.49042010
0.51854229
0.49560902
0.44361717
0.58750468
0.99956805
0.82872468
1.04540336
1.10567260
0.97046047
0.98102039
1.10431087
1.13148475
1.17081702
1.00446558
1.03513384
0.99035013
1.03858626
1.07266927
0.94587338
0.94215411
0.83762974
1.00494874
0.93907744
0.97318494
1.06989944
1.10006773
1.05817032
1.04009223
1.10260010
1.14422393
1.14940178
1.14482212
1.04684544
0.91810399
0.88528907
0.92785800
0.82268435
0.95977813
0.83428764
0.85873616
0.82297713
0.93829578
1.02858710
1.11777925
1.07912779
1.15574133
1.10512960
1.12937367
1.12351000
1.13092995
1.07052720
1.04341853
0.89226598
0.93324083
0.94714022
0.94069296
0.88445383
0.81626934
0.87534934
0.97698587
1.10346317
1.15240622
1.08429098
1.16796625
1.14621842
1.16397047
1.16445863
1.14910030
1.02696502
1.00828564
0.94683743
0.81234032
0.82063264
0.83382112
0.80707598
0.74508578
0.89231801
0.95489675
1.11567438
1.22600281
1.02832723
0.00000000
0.00000000
0.00000000
0.00000000
0.00000000
0.00000000
0.00000000
0.00000000
0.00000000
0.00000000
0.00000000
0.00000000
0.00000000
0.00000000
0.00000000
0.00000000
0.00000000
0.00000000
0.19636300
0.41517010
0.33851749
0.30583531
0.30712029
0.32272640
0.00000000
0.00000000
0.00000000
0.00000000
0.00000000
0.00000000
0.00000000
0.04240259
0.22231410
0.28145263
0.31897959
0.91988611
0.38069463
0.84633797
0.63419592
0.54148960
0.64333093
0.03170943
0.00000000
0.00000000
0.00000000
0.00000000
0.00000000
0.00000000
0.00000000
0.08978572
0.37943491
0.49851984
0.57318276
1.15821588
0.35476932
0.85151881
0.69573551
0.64296508
0.01328863
0.00000000
0.00000000
0.00000000
0.00000000
0.00000000
0.00000000
0.00000000
0.00000000
0.00000000
0.00000000
0.41010332
0.64091265
1.16266251
0.32546955
0.91181874
0.79622138
0.25105771
0.00000000
0.00000000
0.00000000
0.00000000
0.00000000
0.00000000
0.00000000
0.00000000
0.00000000
0.00000000
0.00000000
0.25353438
0.73139912
1.12788534
0.29075870
0.87416810
0.66540450
0.00000000
0.00000000
0.00000000
0.00000000
0.00000000
0.00000000
0.00000000
0.00000000
0.00000000
0.00000000
0.00000000
0.00000000
0.43102580
0.59222591
1.18203235
0.28235289
0.80456138
0.58483416
0.11342943
0.00000000
0.00000000
0.00000000
0.00000000
0.00000000
0.00000000
0.00000000
0.00000000
0.00000000
0.00000000
0.00000000
0.67821461
0.60037118
1.14355147
0.28738588
0.76407576
0.69627708
0.65088403
0.00000000
0.00000000
0.00000000
0.00000000
0.00000000
0.00000000
0.00000000
0.00000000
0.00000000
0.00000000
0.35120153
0.69405538
0.65798354
1.11795974
0.23734140
0.71620631
0.59317267
0.71600157
0.30183735
0.00000000
0.00000000
0.00000000
0.00000000
0.00000000
0.00000000
0.00000000
0.00000000
0.35660753
0.64815396
0.67365396
0.66753215
1.04581249
0.18746839
0.67429167
0.57635200
0.64735007
0.67980886
0.42117244
0.11882888
0.02826920
0.12671079
0.00000000
0.00000000
0.17803194
0.43504557
0.49698687
0.69807225
0.70284402
0.62987679
0.99001157
0.15163873
0.64822304
0.53578079
0.54815298
0.64554602
0.70499879
0.51638687
0.35686231
0.19179313
0.33755964
0.47580272
0.51630986
0.54239488
0.71743834
0.71297032
0.67460346
0.62657785
0.92818654
0.11784392
0.64758527
0.53347027
0.54635191
0.57530379
0.65325868
0.76970577
0.77597600
0.73202473
0.77964717
0.80801535
0.92787451
0.94178635
0.87804800
0.76280224
0.71210128
0.61733538
0.89210880
0.01265649
0.62332934
0.52553338
0.57965761
0.54829484
0.64336872
0.68275070
0.73596859
0.75029898
0.75337130
0.76443988
0.79448044
0.83567232
0.80501640
0.66906315
0.59721839
0.56108969
0.85669750
0.00000000
0.68711841
0.96424055
1.09645641
1.09098041
1.22096670
1.28384233
1.29471326
1.44838798
1.49807799
1.48300517
1.53477836
1.54923892
1.40380919
1.20550883
1.04735541
0.97945046
0.86594170
0.06739938
0.37166643
0.37962911
0.38442031
0.42289004
0.46626595
0.48089188
0.48527181
0.40802971
0.42667249
0.52031237
0.42763186
0.48119631
0.52424729
0.43371853
0.40719140
0.36874825
0.15873614
0.06120672
0.00000000
0.25435162
0.20718771
0.25905263
0.37444901
0.72311580
0.89843565
1.64824808
1.29218936
1.26968825
1.25595152
1.04223943
0.67148215
0.31480807
0.21032409
0.26172382
0.00000000
0.20676373
0.00000000
0.30361220
0.21658844
0.44680288
0.83189392
1.34505510
1.79661822
1.90643322
2.26116443
2.23884940
1.97372866
1.63967609
1.68869889
1.16750884
0.45266902
0.23722878
0.00000000
0.19363843
0.00000000
0.30154821
0.33271378
0.93257219
1.40732813
1.30437160
1.22288847
1.60229528
1.57228529
1.71816015
1.86881542
1.95014584
1.58548772
1.62467134
1.26836622
0.47278908
0.00000000
0.18770105
0.00000000
0.42751059
0.56025434
1.35118484
1.27485907
0.86504340
1.66148686
2.32248259
1.69447088
2.96161771
2.77345705
1.13519323
1.22957802
1.18887043
1.02020025
0.57157546
0.00000000
0.18591806
0.03649986
0.51519096
0.36822304
1.28706312
1.53657258
2.11916304
2.23537326
2.06210136
2.29601407
2.43492603
2.18284988
3.04029965
2.16611218
1.34124196
1.03064394
0.86946106
0.00000000
0.19720031
0.00000000
0.38057235
0.54859036
0.60465169
1.10732388
3.00461221
3.12366414
2.94598269
3.19454408
2.98089504
2.84072590
2.89156675
1.75671697
0.92126030
0.72915596
0.51117665
0.00000000
0.19975021
0.00000000
0.38445854
0.54991633
0.19236165
0.82262671
1.07587469
1.53050399
1.24064732
1.23535812
1.24221671
1.40652013
0.91416121
1.01465988
0.68426836
0.55450416
0.40846553
0.00000000
0.19639161
0.00000000
0.23823121
0.55380505
0.06247424
0.20662607
0.61952579
1.08761120
2.01840901
1.88868821
2.02093792
2.63602018
1.54485834
0.67939198
0.34123352
0.41413414
0.32884556
0.00000000
0.16344637
0.00000000
0.18086287
0.33004576
0.50912660
0.13888769
0.21143806
0.37881431
0.66651481
0.88788760
0.89789605
0.64910638
0.36665240
0.19583172
0.34358135
0.37595928
0.25828409
0.00000000
0.12899850
0.00000000
0.24109118
0.19802423
0.36021709
0.51133960
0.41782314
0.53114086
0.70159024
0.82579488
0.56779402
0.37971911
0.27887249
0.37548703
0.33944875
0.33395785
0.28772700
0.00000000
0.11248172
0.00000000
0.27064490
0.16546822
0.20662734
0.28473711
0.41030711
0.48854637
0.43657073
0.44379023
0.48384261
0.56307465
0.51011920
0.49968013
0.42905533
0.41178629
0.28393835
0.00000000
0.05571235
0.00000000
0.28987747
0.27908966
0.15893726
0.27950791
0.27333429
0.34999055
0.31885174
0.32048020
0.30052343
0.30364010
0.34854192
0.38673660
0.28013551
0.27778298
0.23192681
0.00000000
0.00000000
0.00000000
0.00000000
0.00000000
0.00000000
0.00000000
0.00000000
0.00000000
0.00000000
0.00000000
0.00000000
0.00000000
0.00000000
0.00000000
0.00000000
0.00000000
0.00000000
0.00000000
0.00000000
0.00000000
0.00000000
0.00000000
0.00000000
0.00000000
0.00000000
0.00000000
0.00000000
0.00000000
0.00000000
0.00000000
0.00000000
0.00000000
0.00000000
0.00000000
0.00000000
0.00000000
0.00000000
0.00000000
0.09177888
0.08842225
0.05286435
0.00000000
0.00000000
0.00000000
0.00000000
0.00000000
0.00000000
0.00000000
0.00000000
0.00000000
0.04924909
0.09091426
0.08857486
0.00000000
0.00000000
0.00000000
0.08674001
0.04937277
0.00000000
0.00000000
0.22409071
0.40434867
0.43368021
0.34679773
0.36384335
0.64271551
0.69586116
0.00000000
0.00000000
0.02969208
0.05250763
0.00000000
0.00000000
0.00000000
0.11624019
0.16188428
0.09254753
0.12355700
0.41369420
1.26877391
1.69325149
1.57849073
1.64025760
1.19439089
0.86723900
0.59638983
0.11988818
0.00000000
0.14240949
0.00000000
0.00000000
0.01562975
0.27170739
0.23487866
0.21170935
0.86880541
1.20422113
1.12055326
1.24734712
1.22731245
1.13829935
0.60673541
1.38197565
1.13088918
0.63735628
0.32503614
0.06008824
0.00000000
0.00000000
0.00000000
0.17958198
0.49994409
0.76062125
0.52619362
0.38081184
0.03780371
0.00000000
0.20496647
0.00000000
0.00000000
0.15893491
0.25728080
0.56103528
0.52342474
0.00000000
0.00000000
0.00000000
0.00000000
0.30587325
0.35347182
0.50851679
0.12539408
0.00000000
0.00000000
0.14872576
0.08571619
0.17003372
0.09555592
0.00000000
0.00000000
0.52641016
0.51979059
0.00000000
0.00000000
0.00000000
0.00000000
0.10432824
0.47350162
0.55678672
0.44350868
0.15171921
0.00000000
0.00000000
0.00000000
0.00239619
0.00770154
0.33095431
0.44074672
0.77379751
0.18978970
0.04462590
0.00000000
0.00000000
0.00000000
0.00000000
0.24113809
0.54734319
0.70348418
0.50523955
0.23351166
0.32200333
0.31935683
0.04985600
0.03098673
0.48585108
0.78878540
0.53740442
0.03443056
0.05968968
0.00000000
0.00000000
0.00000000
0.05647723
0.00000000
0.36884353
0.69960719
0.80505943
0.46365517
0.61570263
0.48771358
0.57271171
0.65640438
0.76219428
0.49901962
0.13179603
0.10652043
0.08606666
0.00000000
0.00000000
0.00000000
0.10149527
0.00000000
0.08214816
0.40000772
0.59300631
0.77632356
0.78232783
0.87953609
0.86510795
0.64620805
0.35765615
0.20539431
0.09921689
0.10066114
0.06338084
0.00000000
0.00000000
0.00000000
0.10526977
0.10747495
0.02659159
0.05056419
0.13632281
0.22792539
0.24004494
0.27755010
0.19417804
0.17794964
0.19695860
0.16304439
0.09523483
0.08826604
0.09502785
0.00000000
0.00000000
0.00000000
0.09203510
0.15180443
0.09919803
0.10203196
0.10340784
0.08358588
0.10472585
0.09346182
0.08299141
0.06090482
0.06621416
0.11541805
0.08890557
0.05884792
0.06112118
0.00000000
0.00000000
0.00000000
0.00000000
0.00000000
0.00000000
0.00000000
0.00000000
0.00000000
0.00000000
0.00000000
0.00000000
0.00000000
0.00000000
0.00000000
0.00000000
0.00000000
0.00000000
0.00000000
0.00000000
0.00000000
0.00000000
0.00000000
0.00000000
0.00000000
0.00000000
0.00000000
0.00000000
0.00000000
0.00000000
0.00000000
0.00000000
0.00000000
0.00000000
0.00000000
0.00000000
0.00000000
0.98778975
0.00000000
0.22140922
0.26640832
0.27149725
0.14465588
0.00000000
0.00000000
0.00000000
0.00000000
0.00000000
0.00000000
0.00000000
0.00000000
0.24595432
0.27862859
0.25996912
0.00000000
1.22691989
0.00000000
0.35076985
0.35055017
0.21775575
0.00000000
0.00000000
0.00000000
0.00000000
0.00000000
0.00000000
0.00000000
0.00000000
0.00000000
0.00000000
0.34392124
0.40625679
0.07569646
1.21173751
0.00000000
0.35919917
0.25347731
0.00000000
0.00000000
0.00000000
0.00000000
0.00000000
0.00000000
0.00000000
0.00000000
0.00000000
0.00000000
0.00000000
0.00000000
0.39058658
0.08613213
1.18930972
0.00000000
0.31132245
0.05895443
0.00000000
0.00000000
0.00000000
0.00000000
0.00000000
0.00000000
0.00000000
0.00000000
0.00000000
0.00000000
0.00000000
0.00000000
0.15164977
0.05608876
1.16624951
0.00000000
0.15815701
0.12576039
0.00000000
0.00000000
0.00000000
0.00000000
0.00000000
0.00000000
0.00000000
0.00000000
0.00000000
0.00000000
0.00000000
0.01536746
0.01226340
0.05344614
1.16791058
0.00000000
0.20213944
0.36933002
0.61933202
0.00000000
0.00000000
0.00000000
0.00000000
0.00000000
0.00000000
0.00000000
0.00000000
0.00000000
0.10313918
0.38231051
0.34202874
0.09769124
1.13968277
0.00000000
0.28787190
0.17851536
0.50174958
0.24441180
0.19238120
0.00000000
0.00000000
0.00000000
0.00000000
0.00000000
0.24192774
0.23325723
0.30937597
0.43786436
0.30018359
0.06970284
1.12518287
0.00000000
0.37653872
0.18885919
0.32959437
0.42813343
0.33527952
0.00000000
0.00000000
0.00000000
0.00000000
0.00000000
0.00000000
0.33307755
0.42094091
0.42283237
0.33365235
0.07970367
1.13065207
0.00000000
0.41442430
0.33671686
0.20316015
0.35216463
0.54680318
0.48746666
0.30585781
0.07128046
0.00714709
0.32533172
0.48231563
0.43688419
0.40191147
0.34067962
0.37646917
0.11365869
1.09887123
0.01125447
0.41163796
0.40113604
0.29959792
0.26357016
0.28087583
0.32960600
0.29503790
0.34266630
0.39816159
0.33333382
0.33235279
0.37288624
0.33843777
0.31607467
0.35051277
0.13018033
1.09890652
0.01730108
0.40170595
0.44657758
0.41305709
0.34623244
0.29541862
0.27209550
0.27369401
0.27133030
0.38290069
0.34885672
0.37631464
0.34602386
0.34836501
0.31187603
0.33561969
0.14960477
1.10802722
0.08331096
0.40571821
0.44023862
0.43424523
0.40089890
0.37828103
0.39642084
0.38131341
0.38761342
0.39240408
0.38539991
0.34271896
0.35808250
0.37134132
0.37368307
0.40162700
0.18640834
1.28199482
0.64588279
0.91376221
0.97225755
1.05274332
1.04529142
1.07649672
1.08745360
1.10042381
1.11440229
1.10954905
1.11098492
1.09964204
1.08411074
1.04383874
1.04542923
0.99672908
0.79775012
0.46233720
0.75589406
0.58214355
0.66845793
0.72988623
0.71982270
0.71002376
0.85347563
0.62060595
0.61028779
0.79912841
0.68507081
0.87042105
0.78820771
0.84228212
0.80402088
0.84529811
0.74941099
0.00000000
0.55364352
0.88361168
0.84375095
0.88797945
1.05409646
1.44978189
1.35346687
0.94618893
1.41450465
1.49515498
1.32285476
1.31292570
1.00398588
0.84441990
0.90510035
0.83755088
0.70061541
0.00000000
0.12178573
0.44435498
0.43854082
0.86191571
1.18906224
1.17764127
1.62745500
1.26554239
1.43285537
1.33444524
1.28592277
0.80269754
1.21862459
0.71807885
0.41851467
0.39856458
0.54824865
0.00000000
0.11453905
0.49577218
0.62619430
1.49472237
0.84971493
1.95184255
1.35754883
1.20091665
1.19065440
1.63043892
1.57115495
1.08059621
0.82838118
0.95231271
0.58104014
0.37025592
0.50590837
0.00000000
0.13874635
0.57658029
0.80610800
1.13900197
1.66110969
0.84178740
1.70325041
1.04288006
0.00000000
1.97024608
0.03298379
0.29829967
1.44603300
0.69106340
0.71899492
0.46438393
0.46935099
0.00000000
0.24856332
0.72102332
0.00000000
1.97535944
1.03982973
0.02538121
0.61784458
0.76463413
0.00000000
0.37069798
1.02531171
0.00000000
0.34309080
0.39959583
0.75224435
0.34754092
0.41171479
0.00000000
0.20182681
0.67367315
0.45539466
1.69608819
0.47615993
0.00000000
0.77098811
0.00000000
0.00000000
0.06313180
0.17790152
0.00000000
0.60512042
1.13573968
1.44086814
0.05630469
0.50708705
0.00000000
0.24181864
0.45281571
0.68513930
0.59596461
1.60069287
0.44869155
1.09859920
0.73493958
1.00946569
0.95169610
0.69455802
1.05414343
1.26450658
1.11105239
0.74575043
0.26620620
0.52011824
0.00000000
0.27529433
0.38873389
0.64499700
0.15153971
1.68839538
1.26722348
2.11941624
0.59105116
1.25265396
0.51638597
0.00000000
1.06016815
1.10452735
0.84580892
0.38219294
0.36543444
0.45608437
0.00000000
0.30023116
0.46435177
0.45410541
0.28769985
0.94732159
1.41598654
1.11509442
0.72798663
0.28901660
0.52082765
1.16369736
1.16884434
0.65566784
0.48032805
0.24638653
0.37994120
0.44798869
0.00000000
0.35233301
0.48322242
0.44101328
0.45947540
0.49421743
0.70295155
0.88023704
0.77245009
0.64642721
0.67031419
0.84708875
0.48363864
0.45776668
0.37176639
0.37674886
0.39676267
0.45835996
0.00000000
0.38283533
0.44189170
0.47548747
0.44602290
0.44764933
0.52673990
0.48673120
0.50685674
0.54857934
0.39114663
0.36923721
0.35140693
0.35311073
0.35698059
0.36188412
0.37882066
0.43139750
0.00000000
0.50103152
0.45853990
0.45500398
0.44006038
0.46233296
0.44903138
0.43819153
0.36511746
0.36888331
0.41587171
0.38716877
0.35374963
0.30058971
0.36602443
0.38048583
0.42646217
0.44534028
0.00000000
0.00000000
0.00000000
0.00000000
0.00000000
0.00000000
0.00000000
0.00000000
0.00000000
0.00000000
0.00000000
0.00000000
0.00000000
0.00000000
0.00000000
0.00000000
0.00000000
0.00000000
0.00000000
0.00000000
0.00000000
0.00000000
0.00000000
0.00000000
0.00000000
0.00000000
0.00000000
0.00000000
0.00000000
0.00000000
0.00000000
0.00000000
0.00000000
0.00000000
0.00000000
0.00000000
0.00000000
0.00000000
0.00000000
0.00000000
0.00000000
0.00000000
0.00000000
0.00000000
0.17065871
0.00000000
0.00000000
0.04026072
0.08274788
0.00000000
0.00000000
0.00000000
0.00000000
0.00000000
0.00000000
0.00000000
0.00000000
0.00000000
0.00000000
0.00000000
0.15424816
0.00000000
0.10435471
0.15653796
0.14860821
0.05744506
0.09192835
0.00000000
0.00000000
0.00000000
0.00000000
0.00000000
0.00000000
0.00000000
0.00000000
0.00000000
0.00000000
0.39806113
0.41515338
0.53207505
0.59088856
0.67522126
0.44481549
0.64822650
0.34039766
0.04888141
0.05423614
0.00000000
0.00000000
0.00000000
0.00000000
0.00000000
0.00000000
0.08726330
0.45260498
0.53431022
1.00491476
0.96444845
0.68825281
1.37558210
0.77603465
0.82455665
1.20506978
0.41329619
0.17152043
0.06873018
0.00000000
0.00000000
0.00000000
0.00000000
0.00000000
0.52575886
0.37247184
0.38626716
0.43866628
0.23901890
0.00000000
0.17258996
0.09679373
0.00000000
0.72922444
0.76710856
0.75885916
0.10373430
0.00000000
0.00000000
0.00000000
0.00000000
0.00000000
0.11497592
0.09248053
0.00000000
0.50339043
0.44056168
0.39703831
0.46372363
0.57630390
0.26354834
0.42686850
0.35556728
0.45679116
0.00000000
0.00000000
0.00000000
0.00000000
0.00000000
0.00000000
0.00000000
0.13718075
0.00000000
0.22724485
0.00000000
0.00227363
0.00000000
0.00000000
0.00000000
0.14546759
0.33222651
0.10363203
0.00000000
0.00000000
0.00000000
0.00000000
0.00000000
0.00000000
0.00000000
0.18631740
0.00000000
0.01413620
0.01194865
0.35588822
0.27758536
0.42795217
0.76263696
0.33740667
0.07325213
0.00000000
0.00000000
0.00000000
0.00000000
0.00000000
0.00000000
0.00000000
0.00000000
0.00000000
0.04642228
0.10531639
0.05391357
0.00000000
0.20525779
0.29404321
0.16538632
0.00000000
0.00000000
0.00000000
0.00000000
0.00000000
0.00000000
0.00000000
0.00000000
0.00000000
0.00000000
0.00000000
0.00000000
0.00000000
0.03322073
0.04433474
0.00000000
0.00000000
0.00000000
0.00000000
0.00000000
0.00000000
0.00000000
0.00000000
0.00000000
0.00000000
0.00000000
0.00000000
0.00000000
0.00000000
0.00000000
0.00000000
0.00000000
0.00000000
0.00000000
0.00000000
0.00000000
0.00000000
0.00000000
0.00000000
0.00000000
0.00000000
0.00000000
0.00000000
0.00000000
0.00000000
0.00000000
0.00000000
0.00000000
0.00000000
0.00000000
0.00000000
0.00000000
0.00000000
0.00000000
0.00000000
0.00000000
0.00000000
0.00000000
0.00000000
0.00000000
0.00000000
0.00000000
0.00000000
0.00000000
0.00000000
0.00000000
0.00000000
0.00000000
0.00000000
0.00000000
0.00000000
0.00000000
0.00000000
0.00000000
0.00000000
0.00000000
0.00000000
0.00000000
0.00000000
0.00000000
0.01017679
0.05265309
0.05722008
0.08797301
0.13307774
0.06880774
0.18001951
0.12900624
0.04058640
0.15975955
0.09593576
0.03081885
0.05128573
0.07903384
0.01051716
0.00000000
0.00000000
0.00000000
0.15112337
0.17326888
0.15406691
0.16973899
0.53696871
0.74407429
0.57698452
0.39407924
0.62256896
0.56439185
0.36382076
0.17829295
0.15917699
0.16096024
0.16216007
0.00000000
0.00000000
0.00000000
0.00000000
0.00723283
0.04308457
0.89733720
1.76520538
1.45870864
1.41095316
1.35786641
1.41133070
1.54583025
1.30500889
0.49403679
0.00003259
0.00000000
0.00000000
0.00000000
0.00000000
0.00000000
0.00000000
0.14329077
1.02093661
2.09251404
2.23610139
2.54876661
2.61782241
2.80424380
2.55214262
2.21945047
2.08113074
1.45453119
0.75432503
0.12217728
0.00000000
0.00000000
0.00000000
0.00000000
0.05753811
1.09565437
2.20413542
2.24815893
2.86989403
2.20583344
2.05893874
2.49839640
2.16927338
2.54730225
2.12751365
1.72749841
1.71882439
0.71778822
0.00000000
0.00000000
0.00000000
0.00000000
0.48653787
2.15094042
2.08483505
1.22659099
0.33535540
0.45256636
0.06556813
0.16301078
0.65093988
0.02114636
0.97827780
1.71681523
2.04885530
0.74857408
0.00000000
0.00000000
0.00000000
0.00000000
0.08877813
1.11075246
1.65621316
1.33927095
1.16024542
1.37816346
1.36354280
1.46093416
1.72902894
1.71677935
1.61894703
1.22264409
1.15937531
0.27174681
0.00000000
0.00000000
0.00000000
0.00000000
0.00000000
0.56442547
1.30200708
1.47876096
1.93560743
1.58509171
1.56116891
1.65025139
1.27326334
1.29399991
1.52609921
1.28358507
0.71471763
0.02852323
0.00000000
0.00000000
0.00000000
0.00000000
0.00000000
0.14707865
1.06350029
1.33639717
1.22424054
0.95463639
1.34480703
1.13369656
1.18930197
1.57770312
1.13718450
0.79616910
0.24993572
0.00000000
0.00000000
0.00000000
0.00000000
0.00000000
0.00000000
0.00000000
0.36283094
0.81077421
1.14042735
1.19543850
1.37099540
1.56321859
1.33826447
0.83391660
0.66999263
0.29889116
0.00000000
0.00000000
0.00000000
0.00000000
0.00000000
0.00000000
0.02810883
0.01526169
0.01758785
0.20905210
0.43674928
0.65396482
0.72978348
0.67656606
0.57431602
0.37188023
0.09365623
0.00000000
0.00000000
0.00000000
0.00000000
0.00000000
0.00000000
0.00000000
0.02995765
0.02069045
0.00000000
0.00000000
0.00000000
0.00000000
0.01222446
0.00000000
0.00000000
0.00000000
0.00000000
0.00000000
0.00000000
0.00000000
0.03130470
0.00000000
0.00000000
0.00000000
0.02579059
0.01285151
0.02503498
0.00000000
0.00000000
0.00000000
0.00000000
0.00000000
0.00000000
0.00000000
0.00000000
0.00000000
0.00000000
0.00263333
0.02416977
0.00000000
0.00000000
0.04563939
0.09355750
0.10378494
0.09542552
0.02675875
0.00000000
0.00000000
0.00000000
0.00000000
0.00000000
0.00000000
0.00000000
0.00000000
0.05777806
0.13596934
0.17694452
0.00000000
1.11275852
0.87731606
0.86390418
0.83338064
0.80503213
0.80907726
0.77108574
0.89514524
1.08856320
0.74986500
0.80729437
0.84093785
0.78369486
0.86817008
0.90683419
0.95041198
0.95833349
2.30355120
0.67376894
0.64139050
0.71708602
0.61329204
0.59027696
0.54468459
0.31805018
0.00000000
0.44359267
0.00000000
0.00000000
0.15617980
0.18991306
0.51876336
0.72803140
0.65858805
0.75879848
0.89675093
0.80213583
0.67904097
0.82254118
0.71356672
0.53561741
0.05933385
0.00000000
0.00000000
0.00000000
0.00000000
0.00000000
0.00000000
0.00000000
0.22044484
0.60698879
0.77794999
0.84800869
1.46010101
0.82411855
0.66805387
0.74557191
0.49357450
0.00000000
0.00000000
0.00000000
0.16837315
0.18110745
0.47126386
0.17383114
0.00000000
0.00000000
0.00000000
0.00000000
0.60815573
0.80282503
1.41465986
0.82635427
0.61785161
0.74540198
0.04883792
0.07377359
0.45889404
1.38407934
0.38756806
0.55006701
1.09846759
0.54668981
0.82362610
0.00000000
0.00000000
0.03190729
0.37605959
0.74646252
1.42416835
0.85650265
0.54346788
1.05777717
1.30458903
0.45469433
0.44937497
1.05338383
1.01425850
0.46519163
0.54809761
1.07558107
0.00000000
0.65277880
0.75391799
1.01658010
0.36660713
0.61986709
1.40565097
0.78716779
0.64347833
0.58144677
1.12474668
0.18226969
0.00000000
0.26918244
0.24743152
0.00000000
0.00000000
0.65169680
0.00000000
0.76423079
0.06063697
0.84595895
0.21779324
0.79485434
1.42419803
0.77723330
0.63635486
0.52048111
0.99292326
0.19580591
0.00000000
0.23809393
0.40029192
0.03301568
0.12840512
0.00000000
0.00000000
0.00000000
0.00000000
0.60187364
0.70165175
0.92382437
1.35127592
0.79038376
0.60566372
0.74660176
0.89237827
0.82009476
0.02200193
0.07566882
0.00000000
0.00000000
0.00000000
0.00000000
0.40104198
0.00000000
0.67409241
0.50104016
0.79288417
0.82764840
1.35361826
0.81821221
0.65429890
0.74765766
0.62963265
1.04459214
0.63890290
0.35201588
0.21549553
0.47447234
0.52139533
0.53441304
0.23504403
0.61614197
0.83346409
0.63251770
0.86481434
0.84334838
1.36419833
0.76722527
0.59787178
0.76107776
0.80570674
0.74026072
0.84308231
0.81672972
0.93805015
0.89452267
0.93171918
0.86348879
0.87490439
0.85082394
0.81682241
0.78799874
0.84581023
0.88219744
1.41922724
0.77168703
0.55660737
0.87004423
0.80878204
0.82595545
0.77747166
0.77060091
0.81642067
0.74839157
0.71949893
0.87298930
0.87282890
0.79483014
0.84086412
0.81484079
0.82925004
0.79482883
1.44884837
0.85432112
0.50527638
0.79931331
0.84259307
0.79953700
0.84879398
0.72842437
0.83215898
0.84833610
0.88869643
0.87757617
0.88393879
0.89781231
0.80213422
0.78827810
0.84356129
0.83658582
1.31877756
1.20820630
0.69814801
0.64399934
0.81408781
0.81330228
0.87241793
0.90114689
0.97096080
0.97636783
1.04908192
1.07048428
1.02853501
0.87671214
0.99797446
0.86502469
0.88941276
0.81268448
1.03395081
0.00000000
0.36077517
0.34149140
0.33107212
0.35642502
0.30083370
0.35671306
0.11912452
0.39935988
0.00000000
0.37137353
0.18175751
0.20171507
0.21115032
0.24752024
0.24935086
0.24428499
0.00000000
0.00000000
0.00000000
0.13063319
0.09848981
0.14660771
0.27908248
0.87362081
0.13733667
0.86466509
0.91886806
0.70705616
0.76343602
0.41739187
0.15312676
0.07313111
0.01742846
0.00589156
0.00000000
0.00000000
0.00000000
0.26566637
0.22887799
0.50108159
0.90887427
0.99399084
0.96075910
1.33343375
1.26810205
1.17546630
1.21608317
0.75596124
0.58299714
0.55556679
0.18549183
0.10343430
0.00000000
0.00000000
0.00000000
0.31492671
0.49293837
0.63470602
1.25055778
1.41757798
1.11624491
1.63611972
1.57604527
1.94477201
0.90057725
1.12657368
0.99686766
0.49553096
0.40649289
0.18500100
0.00000000
0.00000000
0.00000000
0.44458669
0.69215906
1.04857635
0.99851078
1.32582629
0.00000000
0.00000000
0.00000000
1.33238137
0.35472956
0.42320734
1.25479496
1.52928293
0.00000000
0.38544971
0.00000000
0.00000000
0.05217838
0.45325199
1.08087993
0.63876510
0.00000000
0.69002289
1.69441569
0.00000000
0.35146260
1.21253800
0.00000000
0.61413592
1.13222933
0.97046196
0.00000000
0.43672192
0.00000000
0.00000000
0.00000000
0.32353806
1.39557898
0.90683872
0.02369461
0.80109012
0.83999878
0.00000000
0.49052948
0.92515302
0.10653321
0.91909963
1.50813222
1.38153613
0.46870184
0.30906993
0.00000000
0.00000000
0.00000000
0.12643430
0.87984639
0.88875860
1.64720440
1.49540937
1.54859960
1.66657031
1.65651059
1.44245970
2.59446883
1.30153120
1.63911963
0.85869420
0.28451857
0.20121236
0.00000000
0.00000000
0.05610221
0.03777841
0.40967706
0.95728451
1.27548790
1.93632746
0.72552919
1.31276143
1.27563405
0.79484284
1.61388052
1.51677239
1.34699035
0.48265463
0.18612130
0.21680266
0.00000000
0.00000000
0.12096711
0.11742637
0.04889161
0.74387306
0.82949686
1.18860161
1.28556299
1.08699727
1.17297029
1.31430101
1.48759007
1.02435124
0.61262822
0.21877545
0.21464483
0.23150335
0.00000000
0.00000000
0.14270587
0.17106153
0.11180595
0.20267926
0.46591005
0.53742075
0.71588963
0.62905723
0.72007054
0.69031173
0.69486523
0.30084577
0.30041432
0.16744664
0.20643423
0.24233566
0.00000000
0.00000000
0.17918117
0.24536987
0.16093123
0.13783059
0.15270427
0.20674403
0.29025340
0.23271342
0.17547388
0.17450090
0.28991207
0.22465751
0.25418282
0.19125627
0.29134548
0.22830985
0.00000000
0.00000000
0.18218693
0.19646068
0.22768319
0.10747951
0.19503464
0.10931563
0.13435487
0.10827278
0.13898495
0.10947108
0.10326809
0.13778445
0.21496253
0.18565749
0.23623867
0.22379903
0.00000000
0.00000000
0.00000000
0.00000000
0.05919968
0.00000000
0.00000000
0.01918164
0.00000000
0.02405110
0.00806955
0.00000000
0.00000000
0.00000000
0.05999371
0.00000000
0.00000000
0.00000000
0.00000000
0.03477241
0.00000000
0.00000000
0.00000000
0.00000000
0.00000000
0.00000000
0.19763462
0.00000000
0.00000000
0.04718341
0.00000000
0.00000000
0.00000000
0.00000000
0.00000000
0.00000000
0.00000000
0.02725370
0.00000000
0.00000000
0.00000000
0.00000000
0.20423955
0.76000512
0.71670502
0.82955199
1.21907973
0.89432526
0.60560346
0.32149076
0.00000000
0.00000000
0.00000000
0.00000000
0.00000000
0.00000000
0.00000000
0.00000000
0.00000000
0.42098314
0.79671848
0.59090275
0.43333766
0.17021687
0.26246500
0.21033020
0.13530971
0.14193094
0.23661843
0.25568545
0.00000000
0.00000000
0.00000000
0.00000000
0.00000000
0.07525279
0.31143224
0.77292210
0.36599442
0.11282439
0.00000000
0.00000000
0.00000000
0.00000000
0.00000000
0.00000000
0.22015718
0.00000000
0.00000000
0.00000000
0.00000000
0.00000000
0.00051527
0.19403145
0.53639883
0.46207994
0.07092207
0.00000000
0.08442454
0.00000000
0.00000000
0.00000000
0.16584513
0.56591535
0.00000000
0.00000000
0.00000000
0.00000000
0.00000000
0.00000000
0.00000000
0.22766636
0.54958981
0.52739441
0.48773825
1.18866467
1.09919977
1.08851302
1.16756618
1.02735150
1.53111613
1.59319079
0.99156237
0.33225128
0.39877445
0.31478786
0.00000000
0.00000000
0.00000000
0.19562320
0.39129454
0.79842508
0.91394204
0.76286423
0.99242890
1.10808003
0.92423826
0.98950654
1.17891026
0.94123012
1.21607733
0.00000000
0.00000000
0.00000000
0.00000000
0.00000000
0.00000000
0.00000000
0.32962093
0.37771320
0.20087618
0.50252569
1.48667884
1.51105595
1.51838374
1.61554885
1.72429776
0.79835880
0.00000000
0.00000000
0.00000000
0.02362545
0.00000000
0.00000000
0.00000000
0.00000000
0.28934577
0.38248265
0.00000000
0.00000000
0.79712832
0.70225269
0.95379931
0.80942464
0.33106044
0.00000000
0.00000000
0.00000000
0.00000000
0.00000000
0.00000000
0.00000000
0.00000000
0.00000000
0.00542068
0.29762000
0.24463862
0.00000000
0.00000000
0.00000000
0.00000000
0.00000000
0.00000000
0.00000000
0.00000000
0.00000000
0.00000000
0.00000000
0.00000000
0.00000000
0.00000000
0.00000000
0.00000000
0.00000000
0.12504138
0.15559480
0.00530822
0.02263235
0.12572178
0.06752104
0.00000000
0.00000000
0.07191264
0.00944594
0.00000000
0.00000000
0.00000000
0.00000000
0.00000000
0.00000000
0.00000000
0.00000000
0.00000000
0.02581301
0.05752853
0.06092285
0.00000000
0.00000000
0.08689686
0.10629774
0.06512837
0.04364822
0.06415372
0.00000000
0.00000000
0.00000000
0.00000000
0.00000000
0.00000000
0.00000000
0.00000000
0.00000000
0.00000000
0.00000000
0.00000000
0.00000000
0.00000000
0.00000000
0.02814398
0.00000000
0.00000000
0.00000000
0.00000000
0.00000000
0.00000000
0.00000000
0.00000000
0.00000000
0.00000000
0.00000000
0.00000000
0.00000000
0.00000000
0.00000000
0.00000000
0.00000000
0.00000000
0.00000000
0.00000000
0.00000000
0.00000000
0.00000000
0.00000000
0.00000000
0.00000000
0.00000000
0.00000000
0.00000000
0.00000000
0.00000000
0.00000000
0.00000000
0.00000000
0.00000000
0.00000000
0.00000000
0.00000000
0.00000000
0.00000000
0.34064242
0.50550604
0.56462830
0.56578189
0.59748197
0.67133474
0.37748021
0.22117443
0.16259104
0.29203725
0.00000000
0.21459012
0.44909829
0.44707426
0.53025210
0.55521822
0.56568187
1.41515923
0.32155281
0.60237360
0.63780522
0.73530185
0.64296150
0.16037974
0.00000000
0.00000000
0.00000000
0.00000000
0.00000000
0.00000000
0.00000000
0.36017331
0.48019633
0.56375366
0.65800387
1.65986204
0.34954908
0.62431890
0.63478023
0.73344636
0.16281798
0.00000000
0.00000000
0.00000000
0.00000000
0.00000000
0.00000000
0.00000000
0.00000000
0.00000000
0.23817521
0.64592904
0.60730743
1.62280107
0.38903880
0.65540963
0.64366603
0.58978409
0.00000000
0.00000000
0.15599985
0.82450563
0.00000000
0.71403986
0.00000000
0.47023416
0.69677961
0.00000000
0.00000000
0.72956359
0.70941204
1.68267941
0.41181722
0.58993280
0.48042113
0.63219583
0.32272828
0.37760887
0.00000000
0.00000000
0.00000000
0.00000000
0.00000000
0.00000000
0.00000000
0.66687220
0.34650481
0.41546854
0.34837356
1.65998900
0.44922441
0.58391565
0.61414236
0.50315458
0.56845564
0.59500420
0.80041331
0.56534231
0.65802461
0.73099643
0.52894866
0.62036562
0.50085354
0.16689037
0.12727879
0.33173335
0.72581118
1.66336501
0.45809889
0.61266482
0.62361789
0.62316275
0.81250024
0.09192097
0.28518510
0.00000000
0.00000000
0.00000000
0.00000000
0.00000000
0.00000000
0.00000000
0.63458794
0.46193749
0.70784658
1.64134192
0.49200580
0.65219706
0.66325986
0.57898438
1.09546983
0.28981677
0.24055357
0.30141348
0.09479727
0.00000000
0.10574427
0.08547440
0.23654830
0.47857109
0.83966589
0.56140429
0.68802291
1.57082081
0.51637220
0.59821832
0.64881945
0.58406454
0.79729813
0.89027220
0.52650690
0.13370949
0.32177466
0.29167235
0.33621559
0.25618893
0.63505977
0.85385144
0.62486428
0.64779752
0.68485576
1.51630807
0.56145585
0.59874946
0.66249013
0.67491508
0.63708413
0.75372565
0.91951418
0.74354756
0.63368320
0.47237670
0.73259515
0.85310215
0.89410514
0.64023960
0.67728055
0.68199623
0.68382317
1.43447375
0.59583688
0.60630351
0.68875706
0.69429827
0.64917892
0.64882469
0.60694939
0.58241767
0.66783011
0.55691212
0.57124799
0.48862961
0.55976295
0.56281066
0.63579321
0.66551143
0.67915660
1.42000091
0.71786171
0.59224474
0.67629182
0.67659193
0.68781900
0.65508431
0.61775172
0.63219458
0.64321649
0.64128822
0.62013614
0.62325698
0.64798880
0.59272820
0.68086404
0.65976226
0.71117097
1.42320287
0.90351862
0.74642068
0.76802766
0.77624166
0.75877225
0.66583335
0.65463179
0.68257689
0.62184256
0.62301201
0.60409707
0.57303572
0.59464467
0.64631963
0.69931912
0.71025670
0.64130849
0.99475771
0.74142361
0.90071285
1.06231713
1.12015319
1.13675392
0.98611927
0.92959005
0.86316758
0.81820649
0.84166664
0.67500234
0.88378930
0.89550602
0.83126074
0.75163645
0.78364152
0.93052465
1.29585481
0.66737157
0.59072095
0.77698225
0.90185362
0.89088517
0.91029400
1.00686443
0.70842159
0.90159309
1.07796133
0.53185999
0.70951223
0.89214402
0.75608045
0.69533390
0.74202436
0.71067876
0.36653015
0.79717153
0.73255163
0.71937233
0.81743950
0.92295402
0.65062898
0.00000000
0.00000000
0.00000000
0.00000000
0.00000000
0.00000000
0.00000000
0.44940901
0.71134454
0.69935948
0.60785919
0.40047109
0.85948020
0.78292370
0.73399973
0.80224907
0.53264928
0.00000000
0.00000000
0.00000000
0.00000000
0.00000000
0.00000000
0.00000000
0.00000000
0.00000000
0.52019525
0.79494321
0.64271188
0.35860536
0.82698423
0.82736838
0.98617858
0.70957559
0.00000000
0.00000000
0.00000000
0.00000000
0.00000000
0.00000000
0.00000000
0.00000000
0.00000000
0.00000000
0.00000000
0.18892889
0.65130967
0.40893009
0.65304780
0.67110974
0.90969837
0.35124263
0.00000000
0.00000000
0.00000000
0.23801732
0.33198076
0.00000000
0.00000000
0.00000000
0.00000000
0.00000000
0.00000000
0.00000000
0.59895062
0.49006665
0.59829295
0.59111363
0.67065746
0.78033799
0.00000000
0.50991726
0.00000000
0.00000000
0.00000000
0.00000000
0.00000000
0.00000000
0.00000000
0.62372410
0.09254382
0.34481138
0.62066299
0.52954119
0.64944243
0.64603001
0.61436403
0.81388962
0.23287383
0.00000000
0.04625749
0.00000000
0.00000000
0.00000000
0.00000000
0.00000000
0.10341844
0.24667981
0.12561335
0.54439026
0.50267375
0.42399827
0.64167148
0.67654955
0.56031650
0.82841599
0.72697312
0.00000000
0.11522161
0.02176248
0.15672152
0.14165303
0.00000000
0.05630047
0.49647754
0.11371513
0.65091801
0.58496881
0.55313236
0.30716354
0.60159105
0.73696721
0.60999662
0.60851258
0.77520895
0.79069012
0.00000000
0.00000000
0.00000000
0.00000000
0.08317212
0.00000000
0.01590318
0.58765721
0.78933907
0.67884505
0.58825290
0.35240793
0.54774773
0.78831434
0.67051142
0.50261855
0.57776552
0.68949074
0.60380453
0.35527381
0.22133714
0.28551978
0.42465663
0.51892567
0.48889393
0.51697695
0.54831380
0.55089349
0.57400966
0.29916865
0.51484925
0.81689012
0.70372468
0.62528205
0.55578429
0.58790046
0.60679728
0.60664088
0.60406405
0.52217096
0.43915331
0.67377990
0.61870539
0.65772498
0.58126950
0.65394437
0.61034572
0.29099151
0.48095930
0.84923035
0.71625102
0.68990463
0.60847753
0.60742110
0.59824395
0.68914729
0.68288779
0.63448417
0.63044471
0.61885637
0.68618417
0.68941879
0.66197652
0.59786212
0.60841072
0.27468720
0.17087191
0.78251344
0.80372185
0.92107719
0.96795744
1.14131522
1.31891227
1.47642004
1.70419598
1.73335016
1.71592617
1.71401906
1.68707705
1.58509409
1.34662974
1.01579618
0.75504696
0.50735945
0.34989306
0.00000000
0.04888773
0.11911786
0.13996862
0.13896963
0.20393747
0.47308266
0.15836857
0.13817291
0.37867877
0.27846295
0.20091175
0.18119474
0.17402443
0.14112292
0.09488524
0.00000000
0.03155618
0.07800446
0.10647845
0.03410189
0.05883806
0.49660221
1.06025934
0.93656391
1.20161891
1.56174326
1.41166174
1.20444024
1.01101744
0.44855312
0.07214699
0.06130018
0.08919210
0.00000000
0.00000000
0.00000000
0.00000000
0.00000000
0.42460990
1.04638684
1.17687464
1.53684008
1.52141058
1.61220181
1.78821254
1.49459505
0.83886617
1.08128083
0.56871295
0.00000000
0.00000000
0.00000000
0.00000000
0.00000000
0.03828265
0.38475093
1.18841934
1.30218506
1.88891280
1.06324708
0.95819956
0.76839530
0.96156198
1.25884151
0.97407246
0.82367730
0.77617109
0.33225083
0.00000000
0.00000000
0.00000000
0.00000000
0.16390768
0.75314528
1.48523211
1.94379890
0.60128987
1.33716524
0.84490746
0.83949453
1.57970965
0.52855724
1.45142806
1.39262676
0.84206820
0.33513129
0.04350145
0.00000000
0.00000000
0.00000000
0.06751664
0.57926732
1.17653930
0.91565150
1.38213444
1.03476524
1.21826231
1.43169582
1.48655522
2.14076829
1.88405168
0.97921342
0.81354558
0.63095367
0.31185663
0.00000000
0.00000000
0.00000000
0.39869180
0.70995933
1.12933373
0.56244707
0.99802208
1.44777989
0.91027623
0.98248839
0.80783564
0.64026201
0.14012900
1.41639650
0.97805190
0.73102057
0.24844332
0.00000000
0.00000000
0.00000000
0.04185811
0.51525766
0.81639647
0.72073132
0.50875163
0.75860679
0.67795628
0.70343971
1.01663816
1.59581649
0.98102206
0.73337799
0.67365915
0.32443154
0.01403160
0.00000000
0.00000000
0.00000000
0.00000000
0.26039767
0.55400109
0.97935981
0.72589421
1.84960985
1.58844960
2.06052065
1.91033781
0.93979102
0.75170422
0.65286154
0.43718687
0.00280628
0.02862995
0.00000000
0.00000000
0.00000000
0.00000000
0.00000000
0.22310670
0.68122625
1.10137141
0.75956184
0.89200634
0.70368117
0.82121480
1.19124687
0.94840372
0.48749435
0.04979618
0.00000000
0.00000000
0.00000000
0.00000000
0.00000000
0.00000000
0.00000000
0.02654264
0.13442545
0.40308172
0.44214860
0.36570713
0.38978747
0.43484953
0.55664903
0.33643997
0.16675700
0.01778426
0.00000000
0.02261259
0.00000000
0.00000000
0.00000000
0.00000000
0.00000000
0.00000000
0.00000000
0.15614463
0.26418158
0.44757387
0.45914903
0.37076125
0.24800168
0.14618121
0.11049327
0.05650453
0.07570922
0.00000000
0.00000000
0.00000000
0.00000000
0.00000000
0.00000000
0.00000000
0.00000000
0.00000000
0.00000000
0.00000000
0.00000000
0.00000000
0.00000000
0.00000000
0.00000000
0.00000000
0.00000000
0.00000000
0.00000000
0.00000000
0.00000000
0.00000000
0.00000000
0.00000000
0.00000000
0.00000000
0.00000000
0.00000000
0.00000000
0.00000000
0.00000000
0.00000000
0.00000000
0.00000000
0.00000000
0.00000000
0.00000000
0.30621883
0.50573385
0.26483074
0.25310397
0.24677591
0.19187684
0.24013008
0.62136984
0.56440675
0.18042041
0.63057953
0.30351070
0.23900180
0.24720754
0.25475132
0.23980272
0.24626262
0.33941382
0.00000000
0.00000000
0.00000000
0.00000000
0.00000000
0.00000000
1.14461541
1.65185070
1.86519468
2.07160926
2.20119667
1.84231877
0.90314579
0.00000000
0.00000000
0.00000000
0.00000000
0.00000000
0.00000000
0.00000000
0.00000000
0.00000000
0.20819144
1.57933939
1.91799939
2.11219668
2.41734219
2.50449657
2.52428174
2.49244523
2.07043743
1.48999476
0.33459270
0.00000000
0.00000000
0.00000000
0.00000000
0.00000000
0.00000000
0.03849973
1.55745029
1.82041156
2.26320958
1.89269793
1.86672235
1.90697908
2.16053748
1.99482155
1.53466761
1.91198766
1.45925903
0.00000000
0.00000000
0.00000000
0.00000000
0.00000000
0.00000000
0.82700390
1.27524698
1.69690442
1.91181481
1.44224763
1.69654953
1.50139952
3.04359961
1.40476882
0.90693933
1.91422474
1.71578097
0.02518946
0.00000000
0.00000000
0.00000000
0.00000000
0.00000000
0.85224062
1.08128870
0.62003136
1.68423581
1.61020029
1.18445718
0.86854607
2.13729739
1.16808367
1.57568896
0.98592234
1.06484640
0.00000000
0.00000000
0.00000000
0.00000000
0.00000000
0.00000000
0.74941760
0.94251734
0.83447248
0.80684048
1.49823356
0.07267765
0.29582548
0.67266315
0.50755292
0.51892030
0.84024882
0.79446518
0.28456587
0.00000000
0.00000000
0.00000000
0.00000000
0.00000000
0.00000000
0.31702507
1.48448205
0.96685952
0.95796233
0.82207966
0.99802405
1.41078103
2.40480208
0.83684415
0.74275106
0.25160012
0.00000000
0.00000000
0.00000000
0.00000000
0.00000000
0.00000000
0.00000000
0.00000000
0.94357455
0.97359568
2.22896385
2.17203236
2.47365499
1.99043024
0.92042512
0.60761112
0.58447170
0.00000000
0.00000000
0.00000000
0.00000000
0.00000000
0.00000000
0.00000000
0.00000000
0.00000000
0.01866148
0.75448072
0.90820515
1.24130726
1.34382987
1.02674544
0.86681104
0.53648788
0.00000000
0.00000000
0.00000000
0.00000000
0.00000000
0.00000000
0.00000000
0.00000000
0.00000000
0.00000000
0.00000000
0.00000000
0.00000000
0.00000000
0.00288186
0.00000000
0.00000000
0.00000000
0.00000000
0.00000000
0.00000000
0.00000000
0.00000000
0.00000000
0.00000000
0.00000000
0.00000000
0.00000000
0.00000000
0.00000000
0.00000000
0.00000000
0.00000000
0.00000000
0.00000000
0.00000000
0.00000000
0.00000000
0.00000000
0.00000000
0.00000000
0.00000000
0.00000000
0.00000000
0.00000000
0.00000000
0.00000000
0.00000000
0.00000000
0.00000000
0.00000000
0.00000000
0.00000000
0.00000000
0.00000000
0.00000000
0.00000000
0.00000000
0.00000000
0.00000000
0.00000000
0.00000000
0.00000000
0.00000000
0.00000000
0.00000000
0.00000000
0.00000000
0.00000000
0.00000000
0.00000000
0.00000000
0.00000000
0.00000000
0.00000000
0.00000000
0.00000000
0.00000000
0.00000000
0.00000000
0.00000000
0.00000000
0.00000000
0.00000000
0.00000000
0.00000000
0.00000000
0.00000000
0.00000000
0.00000000
0.00000000
0.00000000
0.00000000
0.00000000
0.00000000
0.49177298
0.22581446
0.49493352
0.49542314
0.54266137
0.82886559
1.09950399
0.81397873
1.32078362
1.26115000
1.20863950
1.03842127
0.97501725
0.77325821
0.56600332
0.46839711
0.45822391
0.00000000
0.24709246
0.13748133
0.35354432
0.35957804
0.63514334
0.74869221
0.22998486
0.00000000
0.43908122
0.97978556
0.46023512
0.15757923
0.23185597
0.54923439
0.73906374
0.36866036
0.22763638
0.00000000
0.24543704
0.14318936
0.41543135
0.68953294
0.64911896
0.39683127
0.00000000
0.08782423
0.22177665
0.32206652
0.37621182
0.44125214
0.13792580
0.39959830
0.64653331
0.64808506
0.41075730
0.00000000
0.16365738
0.12947676
0.71385878
0.95369065
0.05393097
0.00000000
0.08948132
0.51527244
1.54134250
1.12478971
1.94535506
0.57130736
0.19998746
0.00000000
0.00000000
0.00000000
0.24069951
0.00000000
0.10227267
0.23840018
0.53993189
1.09926343
0.13487042
0.15990891
1.78572512
2.94117022
1.94068301
2.07695055
3.37824655
1.51402056
2.76747441
1.82435679
0.75406951
0.00000000
0.58433288
0.00000000
0.06632628
0.13708238
0.38359347
0.99555141
0.12230537
1.07335293
2.62169385
2.58756804
1.92283225
2.08932352
2.25900912
1.69787645
2.16439176
0.87091774
0.63641924
0.75484776
0.58035368
0.00000000
0.05843375
0.10027321
0.32760993
0.50772941
0.10603919
0.00000000
0.38837272
0.54955912
0.69203138
0.67515767
0.46853742
1.12164116
0.18645407
0.29102641
0.24806894
0.38595665
0.36665183
0.00000000
0.08315863
0.04229089
0.24402563
0.41569120
0.41932112
0.00000000
0.00000000
1.17431927
2.01478171
1.98383427
2.68802524
2.72806215
0.48800308
0.45274121
0.35391226
0.45201582
0.39074302
0.00000000
0.00000000
0.08209902
0.22931118
0.27408844
0.49234331
0.27328482
0.10626253
0.24340168
0.26503187
0.53373784
0.23740816
0.25764135
0.36608776
0.30575445
0.38553616
0.47081640
0.34445879
0.00000000
0.00000000
0.10153109
0.26461720
0.23348945
0.29876214
0.39032829
0.17229778
0.31800705
0.48514166
0.48354590
0.46737877
0.44116363
0.07215144
0.30208489
0.34612748
0.36851999
0.34132564
0.00000000
0.00000000
0.10273462
0.23117845
0.19015951
0.23881164
0.28214943
0.39037299
0.42985567
0.44092238
0.57234633
0.47753650
0.52381551
0.54502255
0.58990353
0.49245873
0.48377264
0.35350066
0.00000000
0.00000000
0.09379952
0.23190114
0.29741198
0.23575433
0.31442612
0.37154076
0.46259007
0.38552898
0.38684258
0.34912708
0.41096714
0.38449940
0.51301748
0.37269950
0.37513331
0.26357749
0.00000000
0.00000000
0.00000000
0.00000000
0.00000000
0.00000000
0.00000000
0.00000000
0.00000000
0.00000000
0.00000000
0.00000000
0.04306097
0.09335767
0.18932194
0.00000000
0.00000000
0.00000000
0.00000000
0.67870981
0.93029916
0.65808719
0.58097219
0.63075340
0.62031364
0.61016649
0.92430437
1.09220576
0.71559310
1.04228663
0.83119190
0.65732026
0.64808345
0.63542843
0.56040621
0.60650015
0.45311129
0.00000000
0.00000000
0.00000000
0.00000000
0.00000000
0.00000000
0.21457990
0.18596864
0.46224767
0.96235168
0.38681573
0.38053215
0.23092552
0.00000000
0.00000000
0.00000000
0.00000000
0.00000000
0.00000000
0.00000000
0.00000000
0.00000000
0.00000000
0.30877700
0.63820702
1.11850417
0.90991485
0.57719511
0.92396665
0.90792012
0.31190991
0.03167525
0.04193568
0.00000000
0.00000000
0.00000000
0.00000000
0.00000000
0.00000000
0.00000000
0.17603137
0.76089990
1.53347707
1.22108424
1.58275533
1.52354228
1.77875590
1.60535097
1.51421523
0.91419137
0.00000000
0.00000000
0.00000000
0.00000000
0.00000000
0.00000000
0.00000000
0.01930803
0.71701056
1.31081355
0.50668448
1.32823670
2.40674472
1.73974574
1.81590223
1.82355368
1.82672656
1.02613127
0.78905541
0.00000000
0.00000000
0.00000000
0.00000000
0.00000000
0.00000000
0.67144781
1.18328130
0.88203073
1.91186035
1.84483087
0.85741240
1.58885646
0.94990569
1.29955053
2.13878632
1.47804773
0.94159985
0.90203702
0.00000000
0.00000000
0.00000000
0.00000000
0.00000000
0.52232152
1.34525728
1.09998572
0.23523830
0.39863226
0.63862854
0.63722253
0.42290056
0.65386844
0.64063179
1.16208589
0.74440736
0.39036736
0.00000000
0.00000000
0.00000000
0.00000000
0.00000000
0.16127595
0.79066515
0.95572537
1.01862395
1.72635269
3.02910638
2.58027267
2.74319386
3.17366099
1.66952634
0.97239554
0.93636733
0.03846674
0.00000000
0.00000000
0.00000000
0.00000000
0.00000000
0.00000000
0.59604466
0.79819441
1.21729648
1.16890717
1.43092823
1.72323465
1.30397654
0.79102713
1.44941235
1.23302972
0.45080975
0.00000000
0.00000000
0.00000000
0.00000000
0.00000000
0.00000000
0.00000000
0.00000000
0.63500941
0.95553958
0.59741533
0.62168193
0.46519977
0.58848131
1.01588404
1.08904052
0.44449785
0.00000000
0.00000000
0.00000000
0.00000000
0.00000000
0.00000000
0.00000000
0.00000000
0.00000000
0.00000000
0.43843359
0.62109756
0.59476227
0.95091307
1.13703537
0.65273803
0.14391200
0.00000000
0.00000000
0.00000000
0.00000000
0.00000000
0.00000000
0.00000000
0.00000000
0.00000000
0.00000000
0.00000000
0.00000000
0.00000000
0.00800445
0.07144331
0.00000000
0.00000000
0.00000000
0.00000000
0.00000000
0.00000000
0.00000000
0.00000000
0.00000000
0.00000000
0.00000000
0.00000000
0.00000000
0.00000000
0.00000000
0.00000000
0.00000000
0.00000000
0.00000000
0.00000000
0.00000000
0.00000000
0.00000000
0.00000000
0.00000000
0.00000000
0.00000000
0.00000000
0.00000000
0.00000000
0.02767542
0.06848501
0.19151168
0.17880310
0.25732002
0.30880290
0.29941586
0.30327213
0.19313896
0.22213003
0.09842914
0.01692107
0.00000000
0.00000000
0.00000000
0.00000000
0.00000000
0.00000000
0.00000000
0.00000000
0.00000000
0.00000000
0.00000000
0.00000000
0.00000000
0.00000000
0.00000000
0.00000000
0.00000000
0.00000000
0.00000000
0.00000000
0.00000000
0.00000000
0.00000000
0.00000000
0.00000000
0.24408773
1.10599399
1.70536995
1.47367096
1.64158189
1.59252334
1.37607789
1.01641333
0.16167840
0.00000000
0.00000000
0.00000000
0.00000000
0.00000000
0.00000000
0.00000000
0.00000000
0.56728745
1.49241006
2.04809380
2.13734984
1.83933496
1.53319848
1.72325444
1.90356767
1.79330838
1.40907395
0.49280697
0.00000000
0.00000000
0.00000000
0.00000000
0.00000000
0.00000000
0.38462210
1.56627321
2.08874035
2.39610004
2.17405367
2.13321853
2.09803534
2.08586216
1.92973387
1.86766946
1.64610827
1.45214868
0.44074377
0.00000000
0.00000000
0.00000000
0.00000000
0.00763207
1.05009031
1.85783160
1.98352861
1.41170943
1.79714370
1.46016169
1.40809178
1.62366831
1.56543303
1.95286274
1.59586072
1.81867063
1.12235892
0.00000000
0.00000000
0.00000000
0.00000000
0.10759097
1.21513081
1.78774095
1.55442214
1.18135154
0.44287977
0.14701378
0.00262943
0.00000000
0.76627177
0.99455345
1.13262057
1.33502924
1.25584722
0.00000000
0.00000000
0.00000000
0.00000000
0.09227540
0.75525421
1.85197341
1.94426107
0.95759511
1.61133242
1.59207809
1.31581545
1.24348593
1.55443716
0.94135648
1.24175394
1.35647988
0.53814656
0.00000000
0.00000000
0.00000000
0.00000000
0.00000000
0.12037171
1.26776040
1.94145072
1.64973342
1.88925445
1.98050416
2.14981270
2.34671569
2.03367805
1.85597754
1.50860679
1.02196252
0.00000000
0.00000000
0.00000000
0.00000000
0.00000000
0.00000000
0.00000000
0.57076877
1.44782424
1.78291857
1.73225141
1.40947580
1.39443672
1.15186572
0.54633230
1.46222758
1.00883126
0.26235187
0.00000000
0.00000000
0.00000000
0.00000000
0.00000000
0.00000000
0.00000000
0.00000000
0.65353167
1.36674404
1.18737388
1.23073030
1.06114304
1.07223856
0.97256708
0.75777489
0.20619866
0.00000000
0.00000000
0.00000000
0.00000000
0.00000000
0.00000000
0.00000000
0.00000000
0.00000000
0.00000000
0.23420298
0.36518908
0.33502653
0.47556138
0.55142355
0.13396351
0.00004477
0.00000000
0.00000000
0.00000000
0.00000000
0.00000000
0.00000000
0.00000000
0.00000000
0.00000000
0.00000000
0.00000000
0.00000000
0.00000000
0.00000000
0.00000000
0.00000000
0.00000000
0.00000000
0.00000000
0.00000000
0.00000000
0.00000000
0.00000000
0.00000000
0.00000000
0.00000000
0.00000000
0.00000000
0.00000000
0.00000000
0.00000000
0.00000000
0.00000000
0.00000000
0.00000000
0.00000000
0.00000000
0.00000000
0.00000000
0.00000000
0.00000000
0.00000000
0.00000000
0.00000000
0.00000000
0.00000000
0.00000000
0.00000000
0.00000000
0.00000000
0.00000000
0.00000000
0.00000000
0.00000000
0.00000000
0.00000000
0.00000000
0.00000000
0.00000000
