7.010000000000000000e+02 5.450000000000000000e+02 -5.500000000000000000e+01
7.030000000000000000e+02 4.930000000000000000e+02 -1.010000000000000000e+02
7.030000000000000000e+02 5.120000000000000000e+02 -5.600000000000000000e+01
6.900000000000000000e+02 4.300000000000000000e+02 -7.600000000000000000e+01
7.030000000000000000e+02 4.740000000000000000e+02 -1.070000000000000000e+02
7.040000000000000000e+02 4.480000000000000000e+02 -9.900000000000000000e+01
7.060000000000000000e+02 3.870000000000000000e+02 -4.900000000000000000e+01
5.800000000000000000e+02 3.720000000000000000e+02 2.300000000000000000e+01
7.070000000000000000e+02 3.380000000000000000e+02 -3.600000000000000000e+01
7.080000000000000000e+02 3.120000000000000000e+02 -3.900000000000000000e+01
7.100000000000000000e+02 2.190000000000000000e+02 -1.900000000000000000e+01
7.000000000000000000e+02 5.530000000000000000e+02 -5.300000000000000000e+01
7.010000000000000000e+02 5.610000000000000000e+02 -4.800000000000000000e+01
7.010000000000000000e+02 5.660000000000000000e+02 -4.100000000000000000e+01
7.000000000000000000e+02 6.200000000000000000e+02 -2.400000000000000000e+01
6.990000000000000000e+02 6.280000000000000000e+02 -2.700000000000000000e+01
6.990000000000000000e+02 6.390000000000000000e+02 -3.000000000000000000e+01
6.990000000000000000e+02 6.510000000000000000e+02 -2.400000000000000000e+01
7.000000000000000000e+02 6.680000000000000000e+02 -5.000000000000000000e+00
7.030000000000000000e+02 5.040000000000000000e+02 -9.200000000000000000e+01
6.870000000000000000e+02 5.030000000000000000e+02 -6.800000000000000000e+01
5.220000000000000000e+02 3.030000000000000000e+02 1.080000000000000000e+02
6.290000000000000000e+02 3.910000000000000000e+02 4.000000000000000000e+00
6.110000000000000000e+02 3.930000000000000000e+02 6.000000000000000000e+00
5.940000000000000000e+02 3.920000000000000000e+02 1.100000000000000000e+01
5.730000000000000000e+02 3.790000000000000000e+02 2.600000000000000000e+01
6.440000000000000000e+02 3.870000000000000000e+02 6.000000000000000000e+00
6.040000000000000000e+02 3.310000000000000000e+02 -1.000000000000000000e+00
6.250000000000000000e+02 3.340000000000000000e+02 -1.000000000000000000e+00
5.840000000000000000e+02 3.350000000000000000e+02 5.000000000000000000e+00
5.720000000000000000e+02 3.430000000000000000e+02 1.200000000000000000e+01
5.590000000000000000e+02 3.910000000000000000e+02 3.400000000000000000e+01
6.320000000000000000e+02 6.780000000000000000e+02 1.700000000000000000e+01
5.740000000000000000e+02 3.660000000000000000e+02 2.900000000000000000e+01
5.100000000000000000e+02 3.860000000000000000e+02 1.140000000000000000e+02
5.410000000000000000e+02 3.760000000000000000e+02 5.200000000000000000e+01
6.130000000000000000e+02 4.740000000000000000e+02 -1.500000000000000000e+01
6.760000000000000000e+02 5.410000000000000000e+02 -5.200000000000000000e+01
6.770000000000000000e+02 5.600000000000000000e+02 -4.500000000000000000e+01
6.520000000000000000e+02 5.490000000000000000e+02 -4.000000000000000000e+01
6.360000000000000000e+02 5.560000000000000000e+02 -2.200000000000000000e+01
6.580000000000000000e+02 5.610000000000000000e+02 -3.500000000000000000e+01
6.430000000000000000e+02 5.640000000000000000e+02 -1.900000000000000000e+01
6.150000000000000000e+02 6.040000000000000000e+02 1.500000000000000000e+01
6.880000000000000000e+02 4.930000000000000000e+02 -9.900000000000000000e+01
6.870000000000000000e+02 4.730000000000000000e+02 -1.050000000000000000e+02
5.480000000000000000e+02 3.260000000000000000e+02 1.800000000000000000e+01
6.520000000000000000e+02 4.270000000000000000e+02 -1.700000000000000000e+01
6.480000000000000000e+02 4.850000000000000000e+02 -5.500000000000000000e+01
6.460000000000000000e+02 4.750000000000000000e+02 -5.000000000000000000e+01
5.600000000000000000e+02 4.700000000000000000e+02 8.000000000000000000e+00
6.880000000000000000e+02 4.500000000000000000e+02 -9.300000000000000000e+01
5.880000000000000000e+02 3.060000000000000000e+02 -1.300000000000000000e+01
5.640000000000000000e+02 3.120000000000000000e+02 1.000000000000000000e+00
5.400000000000000000e+02 2.700000000000000000e+02 7.400000000000000000e+01
6.670000000000000000e+02 3.250000000000000000e+02 -3.000000000000000000e+01
6.430000000000000000e+02 3.440000000000000000e+02 4.000000000000000000e+00
6.040000000000000000e+02 5.770000000000000000e+02 1.600000000000000000e+01
5.270000000000000000e+02 5.710000000000000000e+02 1.590000000000000000e+02
6.610000000000000000e+02 4.970000000000000000e+02 -4.800000000000000000e+01
6.750000000000000000e+02 5.030000000000000000e+02 -5.000000000000000000e+01
6.180000000000000000e+02 5.730000000000000000e+02 1.400000000000000000e+01
6.230000000000000000e+02 5.740000000000000000e+02 1.000000000000000000e+01
5.550000000000000000e+02 3.000000000000000000e+02 1.000000000000000000e+01
6.470000000000000000e+02 4.940000000000000000e+02 -4.500000000000000000e+01
6.210000000000000000e+02 3.080000000000000000e+02 -2.400000000000000000e+01
6.190000000000000000e+02 2.930000000000000000e+02 -2.700000000000000000e+01
6.100000000000000000e+02 2.270000000000000000e+02 5.000000000000000000e+00
5.500000000000000000e+02 2.870000000000000000e+02 3.800000000000000000e+01
6.180000000000000000e+02 2.620000000000000000e+02 -1.200000000000000000e+01
5.390000000000000000e+02 3.180000000000000000e+02 3.300000000000000000e+01
5.320000000000000000e+02 3.140000000000000000e+02 6.900000000000000000e+01
6.760000000000000000e+02 5.510000000000000000e+02 -5.000000000000000000e+01
6.550000000000000000e+02 5.550000000000000000e+02 -3.800000000000000000e+01
6.400000000000000000e+02 5.600000000000000000e+02 -2.200000000000000000e+01
6.650000000000000000e+02 5.000000000000000000e+02 -4.500000000000000000e+01
6.210000000000000000e+02 5.730000000000000000e+02 1.200000000000000000e+01
6.290000000000000000e+02 5.930000000000000000e+02 4.000000000000000000e+00
6.250000000000000000e+02 5.740000000000000000e+02 9.000000000000000000e+00
6.690000000000000000e+02 4.910000000000000000e+02 -7.300000000000000000e+01
6.470000000000000000e+02 5.660000000000000000e+02 -1.700000000000000000e+01
6.610000000000000000e+02 5.650000000000000000e+02 -2.900000000000000000e+01
6.790000000000000000e+02 5.650000000000000000e+02 -3.800000000000000000e+01
6.720000000000000000e+02 6.640000000000000000e+02 -4.000000000000000000e+00
6.730000000000000000e+02 6.470000000000000000e+02 -2.200000000000000000e+01
6.740000000000000000e+02 6.350000000000000000e+02 -2.600000000000000000e+01
6.760000000000000000e+02 6.250000000000000000e+02 -2.400000000000000000e+01
6.780000000000000000e+02 6.180000000000000000e+02 -2.100000000000000000e+01
6.470000000000000000e+02 6.030000000000000000e+02 -4.000000000000000000e+00
6.440000000000000000e+02 6.050000000000000000e+02 -6.000000000000000000e+00
6.390000000000000000e+02 6.100000000000000000e+02 -8.000000000000000000e+00
6.370000000000000000e+02 6.160000000000000000e+02 -4.000000000000000000e+00
6.240000000000000000e+02 5.420000000000000000e+02 -1.700000000000000000e+01
5.080000000000000000e+02 4.710000000000000000e+02 1.840000000000000000e+02
7.030000000000000000e+02 5.080000000000000000e+02 -6.900000000000000000e+01
6.370000000000000000e+02 5.920000000000000000e+02 5.000000000000000000e+00
6.330000000000000000e+02 5.920000000000000000e+02 4.000000000000000000e+00
6.790000000000000000e+02 5.110000000000000000e+02 -5.100000000000000000e+01
6.520000000000000000e+02 5.050000000000000000e+02 -3.200000000000000000e+01
6.770000000000000000e+02 5.070000000000000000e+02 -5.100000000000000000e+01
6.320000000000000000e+02 4.370000000000000000e+02 -1.100000000000000000e+01
6.020000000000000000e+02 4.480000000000000000e+02 -6.000000000000000000e+00
6.430000000000000000e+02 4.840000000000000000e+02 -3.900000000000000000e+01
5.680000000000000000e+02 2.430000000000000000e+02 3.800000000000000000e+01
5.770000000000000000e+02 2.690000000000000000e+02 1.200000000000000000e+01
5.820000000000000000e+02 2.910000000000000000e+02 -1.000000000000000000e+01
6.280000000000000000e+02 6.270000000000000000e+02 9.000000000000000000e+00
6.620000000000000000e+02 2.990000000000000000e+02 -3.600000000000000000e+01
6.610000000000000000e+02 2.620000000000000000e+02 -2.500000000000000000e+01
6.560000000000000000e+02 2.190000000000000000e+02 -1.400000000000000000e+01
5.800000000000000000e+02 3.870000000000000000e+02 1.800000000000000000e+01
5.410000000000000000e+02 4.050000000000000000e+02 4.400000000000000000e+01
6.550000000000000000e+02 3.820000000000000000e+02 8.000000000000000000e+00
5.560000000000000000e+02 3.520000000000000000e+02 2.800000000000000000e+01
6.650000000000000000e+02 4.160000000000000000e+02 -2.300000000000000000e+01
6.580000000000000000e+02 4.790000000000000000e+02 -7.300000000000000000e+01
5.210000000000000000e+02 4.220000000000000000e+02 6.300000000000000000e+01
5.520000000000000000e+02 4.200000000000000000e+02 2.800000000000000000e+01
5.740000000000000000e+02 4.280000000000000000e+02 1.100000000000000000e+01
6.070000000000000000e+02 4.250000000000000000e+02 3.000000000000000000e+00
6.320000000000000000e+02 4.180000000000000000e+02 -1.000000000000000000e+00
6.510000000000000000e+02 4.090000000000000000e+02 -6.000000000000000000e+00
6.890000000000000000e+02 3.920000000000000000e+02 -4.200000000000000000e+01
5.210000000000000000e+02 4.620000000000000000e+02 5.800000000000000000e+01
5.430000000000000000e+02 3.490000000000000000e+02 3.600000000000000000e+01
6.940000000000000000e+02 5.030000000000000000e+02 -9.100000000000000000e+01
6.520000000000000000e+02 4.460000000000000000e+02 -2.600000000000000000e+01
5.060000000000000000e+02 3.850000000000000000e+02 1.720000000000000000e+02
6.650000000000000000e+02 3.990000000000000000e+02 -9.000000000000000000e+00
6.410000000000000000e+02 4.840000000000000000e+02 -2.100000000000000000e+01
5.660000000000000000e+02 3.670000000000000000e+02 3.300000000000000000e+01
6.580000000000000000e+02 4.660000000000000000e+02 -6.600000000000000000e+01
5.140000000000000000e+02 5.190000000000000000e+02 1.760000000000000000e+02
6.550000000000000000e+02 3.760000000000000000e+02 1.300000000000000000e+01
6.730000000000000000e+02 4.560000000000000000e+02 -8.300000000000000000e+01
5.640000000000000000e+02 6.210000000000000000e+02 7.400000000000000000e+01
5.640000000000000000e+02 6.450000000000000000e+02 1.020000000000000000e+02
5.070000000000000000e+02 4.680000000000000000e+02 1.210000000000000000e+02
5.420000000000000000e+02 5.930000000000000000e+02 9.100000000000000000e+01
5.200000000000000000e+02 3.480000000000000000e+02 9.700000000000000000e+01
6.300000000000000000e+02 6.970000000000000000e+02 2.500000000000000000e+01
6.960000000000000000e+02 5.070000000000000000e+02 -6.700000000000000000e+01
6.350000000000000000e+02 4.590000000000000000e+02 -1.900000000000000000e+01
5.280000000000000000e+02 3.790000000000000000e+02 7.000000000000000000e+01
5.960000000000000000e+02 3.800000000000000000e+02 1.200000000000000000e+01
6.110000000000000000e+02 3.820000000000000000e+02 8.000000000000000000e+00
6.260000000000000000e+02 5.950000000000000000e+02 7.000000000000000000e+00
5.240000000000000000e+02 5.020000000000000000e+02 6.300000000000000000e+01
6.610000000000000000e+02 7.280000000000000000e+02 3.000000000000000000e+01
6.100000000000000000e+02 6.930000000000000000e+02 6.300000000000000000e+01
5.890000000000000000e+02 6.730000000000000000e+02 8.000000000000000000e+01
7.090000000000000000e+02 2.640000000000000000e+02 -3.000000000000000000e+01
7.000000000000000000e+02 7.340000000000000000e+02 2.500000000000000000e+01
6.260000000000000000e+02 3.810000000000000000e+02 7.000000000000000000e+00
6.400000000000000000e+02 3.780000000000000000e+02 1.000000000000000000e+01
6.500000000000000000e+02 3.770000000000000000e+02 1.300000000000000000e+01
5.320000000000000000e+02 3.450000000000000000e+02 5.400000000000000000e+01
6.390000000000000000e+02 3.590000000000000000e+02 7.000000000000000000e+00
6.240000000000000000e+02 3.520000000000000000e+02 4.000000000000000000e+00
6.080000000000000000e+02 3.500000000000000000e+02 5.000000000000000000e+00
5.920000000000000000e+02 3.530000000000000000e+02 1.000000000000000000e+01
5.830000000000000000e+02 3.580000000000000000e+02 1.600000000000000000e+01
5.120000000000000000e+02 3.400000000000000000e+02 1.440000000000000000e+02
5.860000000000000000e+02 3.770000000000000000e+02 1.800000000000000000e+01
7.020000000000000000e+02 5.260000000000000000e+02 -5.100000000000000000e+01
6.420000000000000000e+02 5.320000000000000000e+02 -3.000000000000000000e+01
6.610000000000000000e+02 4.940000000000000000e+02 -5.500000000000000000e+01
6.760000000000000000e+02 5.260000000000000000e+02 -4.800000000000000000e+01
7.060000000000000000e+02 3.630000000000000000e+02 -3.600000000000000000e+01
5.860000000000000000e+02 6.490000000000000000e+02 6.000000000000000000e+01
6.070000000000000000e+02 6.730000000000000000e+02 4.400000000000000000e+01
6.610000000000000000e+02 7.160000000000000000e+02 9.000000000000000000e+00
5.450000000000000000e+02 6.140000000000000000e+02 1.310000000000000000e+02
6.500000000000000000e+02 3.690000000000000000e+02 1.100000000000000000e+01
6.770000000000000000e+02 4.210000000000000000e+02 -4.800000000000000000e+01
6.990000000000000000e+02 7.220000000000000000e+02 5.000000000000000000e+00
6.330000000000000000e+02 7.130000000000000000e+02 4.300000000000000000e+01
5.120000000000000000e+02 5.120000000000000000e+02 1.180000000000000000e+02
6.610000000000000000e+02 6.120000000000000000e+02 -1.400000000000000000e+01
6.570000000000000000e+02 6.170000000000000000e+02 -1.600000000000000000e+01
6.540000000000000000e+02 6.240000000000000000e+02 -1.700000000000000000e+01
6.530000000000000000e+02 6.350000000000000000e+02 -1.300000000000000000e+01
6.460000000000000000e+02 6.490000000000000000e+02 1.000000000000000000e+00
6.310000000000000000e+02 5.680000000000000000e+02 -4.000000000000000000e+00
6.280000000000000000e+02 5.660000000000000000e+02 -3.000000000000000000e+00
6.250000000000000000e+02 5.640000000000000000e+02 -3.000000000000000000e+00
6.110000000000000000e+02 5.570000000000000000e+02 0.000000000000000000e+00
5.470000000000000000e+02 5.130000000000000000e+02 2.800000000000000000e+01
6.770000000000000000e+02 4.020000000000000000e+02 -3.100000000000000000e+01
6.680000000000000000e+02 3.600000000000000000e+02 0.000000000000000000e+00
6.580000000000000000e+02 3.620000000000000000e+02 7.000000000000000000e+00
6.350000000000000000e+02 5.690000000000000000e+02 -3.000000000000000000e+00
5.480000000000000000e+02 5.630000000000000000e+02 5.800000000000000000e+01
6.830000000000000000e+02 3.600000000000000000e+02 -2.300000000000000000e+01
6.390000000000000000e+02 6.610000000000000000e+02 1.000000000000000000e+01
7.050000000000000000e+02 4.280000000000000000e+02 -8.200000000000000000e+01
6.890000000000000000e+02 4.120000000000000000e+02 -6.000000000000000000e+01
7.050000000000000000e+02 4.090000000000000000e+02 -6.500000000000000000e+01
6.630000000000000000e+02 4.500000000000000000e+02 -4.900000000000000000e+01
7.000000000000000000e+02 7.040000000000000000e+02 -3.000000000000000000e+00
7.000000000000000000e+02 6.840000000000000000e+02 -3.000000000000000000e+00
6.670000000000000000e+02 6.790000000000000000e+02 1.000000000000000000e+00
6.030000000000000000e+02 6.100000000000000000e+02 2.500000000000000000e+01
6.260000000000000000e+02 5.000000000000000000e+02 -1.500000000000000000e+01
6.180000000000000000e+02 6.380000000000000000e+02 1.900000000000000000e+01
5.850000000000000000e+02 4.970000000000000000e+02 -6.000000000000000000e+00
6.090000000000000000e+02 5.190000000000000000e+02 -8.000000000000000000e+00
5.720000000000000000e+02 5.280000000000000000e+02 1.100000000000000000e+01
6.630000000000000000e+02 6.980000000000000000e+02 2.000000000000000000e+00
6.510000000000000000e+02 4.610000000000000000e+02 -3.700000000000000000e+01
5.900000000000000000e+02 6.260000000000000000e+02 4.100000000000000000e+01
6.110000000000000000e+02 6.530000000000000000e+02 3.200000000000000000e+01
5.900000000000000000e+02 5.800000000000000000e+02 2.300000000000000000e+01
5.300000000000000000e+02 5.370000000000000000e+02 7.100000000000000000e+01
5.700000000000000000e+02 5.850000000000000000e+02 3.900000000000000000e+01
5.230000000000000000e+02 5.540000000000000000e+02 1.110000000000000000e+02
5.970000000000000000e+02 5.420000000000000000e+02 3.000000000000000000e+00
6.650000000000000000e+02 4.330000000000000000e+02 -3.600000000000000000e+01
6.640000000000000000e+02 4.880000000000000000e+02 -7.700000000000000000e+01
6.530000000000000000e+02 4.920000000000000000e+02 -5.700000000000000000e+01
6.720000000000000000e+02 4.750000000000000000e+02 -8.900000000000000000e+01
6.540000000000000000e+02 3.400000000000000000e+02 -4.000000000000000000e+00
6.240000000000000000e+02 3.250000000000000000e+02 -7.000000000000000000e+00
5.970000000000000000e+02 3.230000000000000000e+02 -5.000000000000000000e+00
5.760000000000000000e+02 3.270000000000000000e+02 2.000000000000000000e+00
5.620000000000000000e+02 3.360000000000000000e+02 1.300000000000000000e+01
5.550000000000000000e+02 3.710000000000000000e+02 4.000000000000000000e+01
5.060000000000000000e+02 4.270000000000000000e+02 1.180000000000000000e+02
5.680000000000000000e+02 4.000000000000000000e+02 2.500000000000000000e+01
5.850000000000000000e+02 4.070000000000000000e+02 1.400000000000000000e+01
6.090000000000000000e+02 4.070000000000000000e+02 7.000000000000000000e+00
6.310000000000000000e+02 4.030000000000000000e+02 3.000000000000000000e+00
6.490000000000000000e+02 3.970000000000000000e+02 2.000000000000000000e+00
6.610000000000000000e+02 3.920000000000000000e+02 1.000000000000000000e+00
5.060000000000000000e+02 4.270000000000000000e+02 1.840000000000000000e+02
6.530000000000000000e+02 4.970000000000000000e+02 -4.900000000000000000e+01
6.760000000000000000e+02 4.380000000000000000e+02 -6.300000000000000000e+01
6.760000000000000000e+02 4.900000000000000000e+02 -9.100000000000000000e+01
6.850000000000000000e+02 4.990000000000000000e+02 -8.400000000000000000e+01
6.760000000000000000e+02 4.930000000000000000e+02 -8.200000000000000000e+01
6.580000000000000000e+02 5.030000000000000000e+02 -4.200000000000000000e+01
6.890000000000000000e+02 5.010000000000000000e+02 -8.900000000000000000e+01
6.900000000000000000e+02 5.060000000000000000e+02 -6.700000000000000000e+01
6.610000000000000000e+02 3.760000000000000000e+02 1.000000000000000000e+01
6.700000000000000000e+02 3.810000000000000000e+02 -1.000000000000000000e+00
6.760000000000000000e+02 3.850000000000000000e+02 -1.400000000000000000e+01
5.780000000000000000e+02 3.620000000000000000e+02 2.200000000000000000e+01
5.650000000000000000e+02 3.530000000000000000e+02 2.200000000000000000e+01
7.190000000000000000e+02 4.310000000000000000e+02 -7.600000000000000000e+01
8.360000000000000000e+02 3.780000000000000000e+02 1.900000000000000000e+01
7.190000000000000000e+02 5.040000000000000000e+02 -6.800000000000000000e+01
8.920000000000000000e+02 3.120000000000000000e+02 1.030000000000000000e+02
7.850000000000000000e+02 3.950000000000000000e+02 2.000000000000000000e+00
8.030000000000000000e+02 3.970000000000000000e+02 3.000000000000000000e+00
8.200000000000000000e+02 3.970000000000000000e+02 7.000000000000000000e+00
8.430000000000000000e+02 3.850000000000000000e+02 2.100000000000000000e+01
7.700000000000000000e+02 3.910000000000000000e+02 4.000000000000000000e+00
8.120000000000000000e+02 3.370000000000000000e+02 -4.000000000000000000e+00
7.910000000000000000e+02 3.400000000000000000e+02 -3.000000000000000000e+00
8.320000000000000000e+02 3.400000000000000000e+02 2.000000000000000000e+00
8.440000000000000000e+02 3.490000000000000000e+02 8.000000000000000000e+00
8.560000000000000000e+02 3.980000000000000000e+02 2.900000000000000000e+01
7.700000000000000000e+02 6.810000000000000000e+02 1.500000000000000000e+01
8.430000000000000000e+02 3.720000000000000000e+02 2.500000000000000000e+01
9.050000000000000000e+02 3.960000000000000000e+02 1.070000000000000000e+02
8.740000000000000000e+02 3.840000000000000000e+02 4.700000000000000000e+01
7.960000000000000000e+02 4.780000000000000000e+02 -1.700000000000000000e+01
7.260000000000000000e+02 5.420000000000000000e+02 -5.300000000000000000e+01
7.250000000000000000e+02 5.610000000000000000e+02 -4.600000000000000000e+01
7.530000000000000000e+02 5.500000000000000000e+02 -4.100000000000000000e+01
7.710000000000000000e+02 5.580000000000000000e+02 -2.400000000000000000e+01
7.470000000000000000e+02 5.630000000000000000e+02 -3.700000000000000000e+01
7.640000000000000000e+02 5.660000000000000000e+02 -2.100000000000000000e+01
7.910000000000000000e+02 6.080000000000000000e+02 1.200000000000000000e+01
7.170000000000000000e+02 4.930000000000000000e+02 -1.000000000000000000e+02
7.200000000000000000e+02 4.740000000000000000e+02 -1.050000000000000000e+02
8.660000000000000000e+02 3.320000000000000000e+02 1.300000000000000000e+01
7.590000000000000000e+02 4.290000000000000000e+02 -1.900000000000000000e+01
7.600000000000000000e+02 4.880000000000000000e+02 -5.700000000000000000e+01
7.620000000000000000e+02 4.780000000000000000e+02 -5.100000000000000000e+01
8.500000000000000000e+02 4.770000000000000000e+02 4.000000000000000000e+00
7.200000000000000000e+02 4.510000000000000000e+02 -9.400000000000000000e+01
8.260000000000000000e+02 3.110000000000000000e+02 -1.600000000000000000e+01
8.500000000000000000e+02 3.170000000000000000e+02 -3.000000000000000000e+00
8.760000000000000000e+02 2.770000000000000000e+02 7.000000000000000000e+01
7.470000000000000000e+02 3.300000000000000000e+02 -3.100000000000000000e+01
7.720000000000000000e+02 3.490000000000000000e+02 2.000000000000000000e+00
8.040000000000000000e+02 5.810000000000000000e+02 1.200000000000000000e+01
8.880000000000000000e+02 5.820000000000000000e+02 1.550000000000000000e+02
7.460000000000000000e+02 4.990000000000000000e+02 -4.900000000000000000e+01
7.310000000000000000e+02 5.050000000000000000e+02 -5.100000000000000000e+01
7.930000000000000000e+02 5.740000000000000000e+02 1.100000000000000000e+01
7.880000000000000000e+02 5.750000000000000000e+02 7.000000000000000000e+00
8.580000000000000000e+02 3.060000000000000000e+02 5.000000000000000000e+00
7.610000000000000000e+02 4.960000000000000000e+02 -4.700000000000000000e+01
7.930000000000000000e+02 3.140000000000000000e+02 -2.600000000000000000e+01
7.960000000000000000e+02 2.990000000000000000e+02 -2.900000000000000000e+01
8.100000000000000000e+02 2.310000000000000000e+02 3.000000000000000000e+00
8.650000000000000000e+02 2.950000000000000000e+02 3.300000000000000000e+01
7.990000000000000000e+02 2.670000000000000000e+02 -1.400000000000000000e+01
8.750000000000000000e+02 3.240000000000000000e+02 2.800000000000000000e+01
8.820000000000000000e+02 3.230000000000000000e+02 6.400000000000000000e+01
7.260000000000000000e+02 5.520000000000000000e+02 -5.100000000000000000e+01
7.500000000000000000e+02 5.570000000000000000e+02 -4.000000000000000000e+01
7.670000000000000000e+02 5.620000000000000000e+02 -2.400000000000000000e+01
7.410000000000000000e+02 5.020000000000000000e+02 -4.600000000000000000e+01
7.900000000000000000e+02 5.750000000000000000e+02 9.000000000000000000e+00
7.790000000000000000e+02 5.950000000000000000e+02 2.000000000000000000e+00
7.860000000000000000e+02 5.760000000000000000e+02 7.000000000000000000e+00
7.370000000000000000e+02 4.930000000000000000e+02 -7.400000000000000000e+01
7.610000000000000000e+02 5.680000000000000000e+02 -1.900000000000000000e+01
7.440000000000000000e+02 5.660000000000000000e+02 -3.000000000000000000e+01
7.240000000000000000e+02 5.660000000000000000e+02 -3.900000000000000000e+01
7.300000000000000000e+02 6.650000000000000000e+02 -5.000000000000000000e+00
7.260000000000000000e+02 6.480000000000000000e+02 -2.300000000000000000e+01
7.250000000000000000e+02 6.360000000000000000e+02 -2.700000000000000000e+01
7.240000000000000000e+02 6.260000000000000000e+02 -2.500000000000000000e+01
7.220000000000000000e+02 6.190000000000000000e+02 -2.200000000000000000e+01
7.580000000000000000e+02 6.050000000000000000e+02 -6.000000000000000000e+00
7.620000000000000000e+02 6.070000000000000000e+02 -8.000000000000000000e+00
7.660000000000000000e+02 6.120000000000000000e+02 -1.000000000000000000e+01
7.680000000000000000e+02 6.190000000000000000e+02 -6.000000000000000000e+00
7.830000000000000000e+02 5.460000000000000000e+02 -1.900000000000000000e+01
9.070000000000000000e+02 4.820000000000000000e+02 1.790000000000000000e+02
7.710000000000000000e+02 5.950000000000000000e+02 3.000000000000000000e+00
7.750000000000000000e+02 5.940000000000000000e+02 1.000000000000000000e+00
7.260000000000000000e+02 5.120000000000000000e+02 -5.100000000000000000e+01
7.550000000000000000e+02 5.070000000000000000e+02 -3.300000000000000000e+01
7.290000000000000000e+02 5.080000000000000000e+02 -5.200000000000000000e+01
7.780000000000000000e+02 4.400000000000000000e+02 -1.300000000000000000e+01
8.080000000000000000e+02 4.530000000000000000e+02 -9.000000000000000000e+00
7.650000000000000000e+02 4.860000000000000000e+02 -4.100000000000000000e+01
8.510000000000000000e+02 2.500000000000000000e+02 3.400000000000000000e+01
8.390000000000000000e+02 2.760000000000000000e+02 8.000000000000000000e+00
8.320000000000000000e+02 2.970000000000000000e+02 -1.300000000000000000e+01
7.770000000000000000e+02 6.300000000000000000e+02 6.000000000000000000e+00
7.520000000000000000e+02 3.050000000000000000e+02 -3.700000000000000000e+01
7.570000000000000000e+02 2.650000000000000000e+02 -2.600000000000000000e+01
7.640000000000000000e+02 2.220000000000000000e+02 -1.500000000000000000e+01
8.350000000000000000e+02 3.930000000000000000e+02 1.400000000000000000e+01
8.740000000000000000e+02 4.120000000000000000e+02 3.900000000000000000e+01
7.600000000000000000e+02 3.870000000000000000e+02 7.000000000000000000e+00
8.590000000000000000e+02 3.580000000000000000e+02 2.300000000000000000e+01
7.460000000000000000e+02 4.170000000000000000e+02 -2.500000000000000000e+01
7.480000000000000000e+02 4.810000000000000000e+02 -7.400000000000000000e+01
8.920000000000000000e+02 4.310000000000000000e+02 5.700000000000000000e+01
8.630000000000000000e+02 4.260000000000000000e+02 2.300000000000000000e+01
8.400000000000000000e+02 4.330000000000000000e+02 7.000000000000000000e+00
8.060000000000000000e+02 4.290000000000000000e+02 -1.000000000000000000e+00
7.810000000000000000e+02 4.210000000000000000e+02 -4.000000000000000000e+00
7.620000000000000000e+02 4.120000000000000000e+02 -8.000000000000000000e+00
7.220000000000000000e+02 3.920000000000000000e+02 -4.300000000000000000e+01
8.910000000000000000e+02 4.710000000000000000e+02 5.200000000000000000e+01
8.710000000000000000e+02 3.560000000000000000e+02 3.100000000000000000e+01
7.110000000000000000e+02 5.030000000000000000e+02 -9.100000000000000000e+01
7.570000000000000000e+02 4.480000000000000000e+02 -2.700000000000000000e+01
9.090000000000000000e+02 3.950000000000000000e+02 1.670000000000000000e+02
7.480000000000000000e+02 4.020000000000000000e+02 -1.000000000000000000e+01
7.680000000000000000e+02 4.870000000000000000e+02 -2.200000000000000000e+01
8.500000000000000000e+02 3.720000000000000000e+02 2.800000000000000000e+01
7.500000000000000000e+02 4.680000000000000000e+02 -6.700000000000000000e+01
9.010000000000000000e+02 5.300000000000000000e+02 1.710000000000000000e+02
7.590000000000000000e+02 3.800000000000000000e+02 1.100000000000000000e+01
7.350000000000000000e+02 4.580000000000000000e+02 -8.400000000000000000e+01
8.470000000000000000e+02 6.300000000000000000e+02 6.900000000000000000e+01
8.470000000000000000e+02 6.540000000000000000e+02 9.900000000000000000e+01
9.070000000000000000e+02 4.780000000000000000e+02 1.150000000000000000e+02
8.710000000000000000e+02 6.030000000000000000e+02 8.600000000000000000e+01
8.940000000000000000e+02 3.570000000000000000e+02 9.100000000000000000e+01
7.720000000000000000e+02 7.010000000000000000e+02 2.300000000000000000e+01
7.090000000000000000e+02 5.080000000000000000e+02 -6.800000000000000000e+01
7.740000000000000000e+02 4.620000000000000000e+02 -2.100000000000000000e+01
8.880000000000000000e+02 3.870000000000000000e+02 6.500000000000000000e+01
8.190000000000000000e+02 3.860000000000000000e+02 9.000000000000000000e+00
8.040000000000000000e+02 3.870000000000000000e+02 5.000000000000000000e+00
7.820000000000000000e+02 5.980000000000000000e+02 4.000000000000000000e+00
8.880000000000000000e+02 5.120000000000000000e+02 5.800000000000000000e+01
7.380000000000000000e+02 7.300000000000000000e+02 2.900000000000000000e+01
7.950000000000000000e+02 6.990000000000000000e+02 6.000000000000000000e+01
8.190000000000000000e+02 6.800000000000000000e+02 7.700000000000000000e+01
7.890000000000000000e+02 3.850000000000000000e+02 4.000000000000000000e+00
7.740000000000000000e+02 3.830000000000000000e+02 7.000000000000000000e+00
7.640000000000000000e+02 3.820000000000000000e+02 1.100000000000000000e+01
8.820000000000000000e+02 3.520000000000000000e+02 4.900000000000000000e+01
7.760000000000000000e+02 3.640000000000000000e+02 5.000000000000000000e+00
7.920000000000000000e+02 3.570000000000000000e+02 2.000000000000000000e+00
8.090000000000000000e+02 3.550000000000000000e+02 2.000000000000000000e+00
8.250000000000000000e+02 3.580000000000000000e+02 6.000000000000000000e+00
8.340000000000000000e+02 3.640000000000000000e+02 1.200000000000000000e+01
9.030000000000000000e+02 3.490000000000000000e+02 1.390000000000000000e+02
8.290000000000000000e+02 3.830000000000000000e+02 1.400000000000000000e+01
7.650000000000000000e+02 5.340000000000000000e+02 -3.200000000000000000e+01
7.450000000000000000e+02 4.960000000000000000e+02 -5.600000000000000000e+01
7.290000000000000000e+02 5.280000000000000000e+02 -4.900000000000000000e+01
8.220000000000000000e+02 6.570000000000000000e+02 5.700000000000000000e+01
7.980000000000000000e+02 6.780000000000000000e+02 4.100000000000000000e+01
7.390000000000000000e+02 7.180000000000000000e+02 8.000000000000000000e+00
8.680000000000000000e+02 6.240000000000000000e+02 1.270000000000000000e+02
7.650000000000000000e+02 3.740000000000000000e+02 9.000000000000000000e+00
7.330000000000000000e+02 4.230000000000000000e+02 -4.900000000000000000e+01
7.690000000000000000e+02 7.160000000000000000e+02 4.100000000000000000e+01
9.020000000000000000e+02 5.230000000000000000e+02 1.120000000000000000e+02
7.420000000000000000e+02 6.140000000000000000e+02 -1.500000000000000000e+01
7.450000000000000000e+02 6.180000000000000000e+02 -1.700000000000000000e+01
7.470000000000000000e+02 6.270000000000000000e+02 -1.900000000000000000e+01
7.490000000000000000e+02 6.370000000000000000e+02 -1.500000000000000000e+01
7.570000000000000000e+02 6.510000000000000000e+02 -1.000000000000000000e+00
7.780000000000000000e+02 5.700000000000000000e+02 -7.000000000000000000e+00
7.810000000000000000e+02 5.680000000000000000e+02 -6.000000000000000000e+00
7.840000000000000000e+02 5.660000000000000000e+02 -6.000000000000000000e+00
7.960000000000000000e+02 5.610000000000000000e+02 -4.000000000000000000e+00
8.640000000000000000e+02 5.210000000000000000e+02 2.300000000000000000e+01
7.340000000000000000e+02 4.040000000000000000e+02 -3.200000000000000000e+01
7.460000000000000000e+02 3.640000000000000000e+02 -1.000000000000000000e+00
7.570000000000000000e+02 3.670000000000000000e+02 6.000000000000000000e+00
7.750000000000000000e+02 5.710000000000000000e+02 -5.000000000000000000e+00
8.640000000000000000e+02 5.720000000000000000e+02 5.300000000000000000e+01
7.300000000000000000e+02 3.630000000000000000e+02 -2.400000000000000000e+01
7.640000000000000000e+02 6.640000000000000000e+02 8.000000000000000000e+00
7.210000000000000000e+02 4.130000000000000000e+02 -6.100000000000000000e+01
7.460000000000000000e+02 4.520000000000000000e+02 -5.000000000000000000e+01
7.340000000000000000e+02 6.800000000000000000e+02 0.000000000000000000e+00
8.040000000000000000e+02 6.150000000000000000e+02 2.200000000000000000e+01
7.820000000000000000e+02 5.030000000000000000e+02 -1.700000000000000000e+01
7.870000000000000000e+02 6.420000000000000000e+02 1.700000000000000000e+01
8.240000000000000000e+02 5.020000000000000000e+02 -1.000000000000000000e+01
7.990000000000000000e+02 5.230000000000000000e+02 -1.100000000000000000e+01
8.370000000000000000e+02 5.350000000000000000e+02 7.000000000000000000e+00
7.370000000000000000e+02 7.000000000000000000e+02 0.000000000000000000e+00
7.570000000000000000e+02 4.630000000000000000e+02 -3.800000000000000000e+01
8.170000000000000000e+02 6.320000000000000000e+02 3.700000000000000000e+01
7.950000000000000000e+02 6.580000000000000000e+02 2.900000000000000000e+01
8.180000000000000000e+02 5.860000000000000000e+02 1.900000000000000000e+01
8.830000000000000000e+02 5.470000000000000000e+02 6.500000000000000000e+01
8.400000000000000000e+02 5.930000000000000000e+02 3.400000000000000000e+01
8.910000000000000000e+02 5.650000000000000000e+02 1.060000000000000000e+02
8.120000000000000000e+02 5.480000000000000000e+02 -1.000000000000000000e+00
7.450000000000000000e+02 4.350000000000000000e+02 -3.700000000000000000e+01
7.420000000000000000e+02 4.900000000000000000e+02 -7.800000000000000000e+01
7.530000000000000000e+02 4.940000000000000000e+02 -5.900000000000000000e+01
7.350000000000000000e+02 4.770000000000000000e+02 -9.000000000000000000e+01
7.610000000000000000e+02 3.450000000000000000e+02 -6.000000000000000000e+00
7.910000000000000000e+02 3.310000000000000000e+02 -9.000000000000000000e+00
8.180000000000000000e+02 3.280000000000000000e+02 -8.000000000000000000e+00
8.390000000000000000e+02 3.320000000000000000e+02 -1.000000000000000000e+00
8.530000000000000000e+02 3.420000000000000000e+02 9.000000000000000000e+00
8.600000000000000000e+02 3.780000000000000000e+02 3.500000000000000000e+01
9.080000000000000000e+02 4.370000000000000000e+02 1.120000000000000000e+02
8.470000000000000000e+02 4.070000000000000000e+02 2.100000000000000000e+01
8.290000000000000000e+02 4.130000000000000000e+02 1.000000000000000000e+01
8.050000000000000000e+02 4.120000000000000000e+02 4.000000000000000000e+00
7.820000000000000000e+02 4.070000000000000000e+02 1.000000000000000000e+00
7.650000000000000000e+02 4.010000000000000000e+02 0.000000000000000000e+00
7.530000000000000000e+02 3.950000000000000000e+02 0.000000000000000000e+00
9.080000000000000000e+02 4.380000000000000000e+02 1.790000000000000000e+02
7.530000000000000000e+02 4.990000000000000000e+02 -5.000000000000000000e+01
7.330000000000000000e+02 4.400000000000000000e+02 -6.400000000000000000e+01
7.300000000000000000e+02 4.910000000000000000e+02 -9.100000000000000000e+01
7.200000000000000000e+02 5.000000000000000000e+02 -8.400000000000000000e+01
7.300000000000000000e+02 4.940000000000000000e+02 -8.300000000000000000e+01
7.490000000000000000e+02 5.040000000000000000e+02 -4.300000000000000000e+01
7.170000000000000000e+02 5.020000000000000000e+02 -8.900000000000000000e+01
7.150000000000000000e+02 5.060000000000000000e+02 -6.800000000000000000e+01
7.530000000000000000e+02 3.810000000000000000e+02 9.000000000000000000e+00
7.430000000000000000e+02 3.850000000000000000e+02 -2.000000000000000000e+00
7.370000000000000000e+02 3.880000000000000000e+02 -1.500000000000000000e+01
8.390000000000000000e+02 3.680000000000000000e+02 1.800000000000000000e+01
8.510000000000000000e+02 3.590000000000000000e+02 1.800000000000000000e+01
6.140000000000000000e+02 3.650000000000000000e+02 1.300000000000000000e+01
6.330000000000000000e+02 3.650000000000000000e+02 1.300000000000000000e+01
6.140000000000000000e+02 3.480000000000000000e+02 1.300000000000000000e+01
5.940000000000000000e+02 3.650000000000000000e+02 1.300000000000000000e+01
6.140000000000000000e+02 3.820000000000000000e+02 1.300000000000000000e+01
8.020000000000000000e+02 3.700000000000000000e+02 1.000000000000000000e+01
8.210000000000000000e+02 3.700000000000000000e+02 1.000000000000000000e+01
8.020000000000000000e+02 3.530000000000000000e+02 1.000000000000000000e+01
7.830000000000000000e+02 3.690000000000000000e+02 1.000000000000000000e+01
8.020000000000000000e+02 3.870000000000000000e+02 1.000000000000000000e+01
