1.603576002379501262e-05 9.999839642399761530e-01 0.000000000000000000e+00
4.689841752874187837e-04 9.995310158247125987e-01 0.000000000000000000e+00
1.177883755449854675e-04 9.998822116244551195e-01 0.000000000000000000e+00
7.715546541585459415e-05 9.999228445345841321e-01 0.000000000000000000e+00
1.217504999620246247e-06 9.999987824950004045e-01 0.000000000000000000e+00
2.265921921491020376e-03 9.977340780785091123e-01 0.000000000000000000e+00
1.694059684557588930e-03 9.983059403154425082e-01 0.000000000000000000e+00
2.762436828579639583e-05 9.999723756317141499e-01 0.000000000000000000e+00
4.235073234370341499e-04 9.995764926765628999e-01 0.000000000000000000e+00
2.309988571398404885e-05 9.999769001142859715e-01 0.000000000000000000e+00
5.051561042957611378e-06 9.999949484389570875e-01 0.000000000000000000e+00
1.194199529976002708e-03 9.988058004700240966e-01 0.000000000000000000e+00
1.256353189769229611e-03 9.987436468102307563e-01 0.000000000000000000e+00
1.256353189769229611e-03 9.987436468102307563e-01 0.000000000000000000e+00
1.133980004800896023e-02 9.886601999519909478e-01 0.000000000000000000e+00
1.047459842417867819e-02 9.895254015758212507e-01 0.000000000000000000e+00
9.480981818594920452e-03 9.905190181814050865e-01 0.000000000000000000e+00
7.234555343530837609e-03 9.927654446564692092e-01 0.000000000000000000e+00
5.324257568898899985e-03 9.946757424311010176e-01 0.000000000000000000e+00
1.756552939339277257e-05 9.999824344706065293e-01 0.000000000000000000e+00
4.277754116257845404e-05 9.999572224588374469e-01 0.000000000000000000e+00
6.646913690029437093e-06 9.999933530863099884e-01 0.000000000000000000e+00
2.391566444889592558e-05 9.999760843355510742e-01 0.000000000000000000e+00
5.373542072833612844e-05 9.999462645792717153e-01 0.000000000000000000e+00
1.145576926055416741e-03 9.988544230739446750e-01 0.000000000000000000e+00
2.573042174980795255e-04 9.997426957825019667e-01 0.000000000000000000e+00
0.000000000000000000e+00 1.000000000000000000e+00 0.000000000000000000e+00
3.885884236195963110e-05 9.999611411576380116e-01 0.000000000000000000e+00
1.660108862961159979e-03 9.983398911370389150e-01 0.000000000000000000e+00
1.888611019166209148e-04 9.998111388980832626e-01 0.000000000000000000e+00
1.462308840453861996e-04 9.998537691159546936e-01 0.000000000000000000e+00
3.698006669704836068e-04 9.996301993330294344e-01 0.000000000000000000e+00
1.975055228186689549e-02 9.802494477181331600e-01 0.000000000000000000e+00
8.642764316262221806e-05 9.999135723568373102e-01 0.000000000000000000e+00
3.269319459648477831e-03 9.967306805403516323e-01 0.000000000000000000e+00
5.124895782506902128e-03 9.948751042174932557e-01 0.000000000000000000e+00
3.391829552247884860e-03 9.966081704477521841e-01 0.000000000000000000e+00
4.167783314913719658e-03 9.958322166850861468e-01 0.000000000000000000e+00
4.457263467170646289e-03 9.955427365328293199e-01 0.000000000000000000e+00
3.208842402105002397e-05 9.999679115759790848e-01 0.000000000000000000e+00
7.214588421813887716e-04 9.992785411578186672e-01 0.000000000000000000e+00
9.470189416795990020e-06 9.999905298105832285e-01 0.000000000000000000e+00
5.883835248205166943e-03 9.941161647517947619e-01 0.000000000000000000e+00
8.099367352902626938e-03 9.919006326470973800e-01 0.000000000000000000e+00
5.214584176530039040e-05 9.999478541582346169e-01 0.000000000000000000e+00
8.107850551704613631e-04 9.991892149448294846e-01 0.000000000000000000e+00
3.625433674261936386e-04 9.996374566325737510e-01 0.000000000000000000e+00
1.275650947932010555e-05 9.999872434905208163e-01 0.000000000000000000e+00
8.180555219301147282e-04 9.991819444780699611e-01 0.000000000000000000e+00
1.197488873653261305e-03 9.988025111263467704e-01 0.000000000000000000e+00
1.631059304073572552e-03 9.983689406959264101e-01 0.000000000000000000e+00
5.524553337866198804e-06 9.999944754466620900e-01 0.000000000000000000e+00
1.025883183246866184e-05 9.999897411681675230e-01 0.000000000000000000e+00
4.100087921915456066e-05 9.999589991207809003e-01 0.000000000000000000e+00
2.050004216153473665e-04 9.997949995783846910e-01 0.000000000000000000e+00
0.000000000000000000e+00 9.999999999999998890e-01 0.000000000000000000e+00
1.104445355902036585e-08 9.999999889555464261e-01 0.000000000000000000e+00
8.667255171911487227e-03 9.913327448280886411e-01 0.000000000000000000e+00
8.213865692490673887e-02 9.178613430750933722e-01 0.000000000000000000e+00
6.190869068061546085e-04 9.993809130931937679e-01 0.000000000000000000e+00
8.213895824023761147e-05 9.999178610417596147e-01 0.000000000000000000e+00
7.020884942603724047e-03 9.929791150573962222e-01 0.000000000000000000e+00
4.360058396562804285e-03 9.956399416034371619e-01 0.000000000000000000e+00
1.240635935524646157e-05 9.999875936406447119e-01 0.000000000000000000e+00
2.044206416361796837e-03 9.979557935836382843e-01 0.000000000000000000e+00
4.951563861555918986e-06 9.999950484361384007e-01 0.000000000000000000e+00
0.000000000000000000e+00 9.999999999999998890e-01 0.000000000000000000e+00
1.643388289322144659e-04 9.998356611710677022e-01 0.000000000000000000e+00
1.673300474820547113e-05 9.999832669952517517e-01 0.000000000000000000e+00
3.688574727439292172e-05 9.999631142527256600e-01 0.000000000000000000e+00
7.452109830549256053e-04 9.992547890169450886e-01 0.000000000000000000e+00
2.986768302029281247e-03 9.970132316979706255e-01 0.000000000000000000e+00
0.000000000000000000e+00 1.000000000000000000e+00 0.000000000000000000e+00
3.795418338723596102e-03 9.962045816612764559e-01 0.000000000000000000e+00
7.214588421813887716e-04 9.992785411578186672e-01 0.000000000000000000e+00
6.190869068061546085e-04 9.993809130931937679e-01 0.000000000000000000e+00
4.360058396562804285e-03 9.956399416034371619e-01 0.000000000000000000e+00
9.230149562510383751e-03 9.907698504374895521e-01 0.000000000000000000e+00
4.616766170768345223e-03 9.953832338292317727e-01 0.000000000000000000e+00
2.749343513143501211e-06 9.999972506564868135e-01 0.000000000000000000e+00
2.897096460223970633e-04 9.997102903539776264e-01 0.000000000000000000e+00
9.470189416795990020e-06 9.999905298105832285e-01 0.000000000000000000e+00
4.457263467170646289e-03 9.955427365328293199e-01 0.000000000000000000e+00
4.153658061491410231e-03 9.958463419385086279e-01 0.000000000000000000e+00
8.224028945215251102e-03 9.917759710547847662e-01 0.000000000000000000e+00
8.480428277882052363e-03 9.915195717221181315e-01 0.000000000000000000e+00
1.524314077754073023e-02 9.847568592224593687e-01 0.000000000000000000e+00
2.158870928359914870e-02 9.784112907164008721e-01 0.000000000000000000e+00
1.164739640323850418e-02 9.883526035967614698e-01 0.000000000000000000e+00
1.126876997748215217e-02 9.887312300225179484e-01 0.000000000000000000e+00
1.084183738231402939e-02 9.891581626176859654e-01 0.000000000000000000e+00
9.363404119088791430e-03 9.906365958809112415e-01 0.000000000000000000e+00
7.746464657647861296e-03 9.922535353423522775e-01 0.000000000000000000e+00
6.754691516378944979e-03 9.932453084836210255e-01 0.000000000000000000e+00
1.733671521569815356e-05 9.999826632847843566e-01 0.000000000000000000e+00
9.461262685225131641e-03 9.905387373147748198e-01 0.000000000000000000e+00
9.230149562510383751e-03 9.907698504374895521e-01 0.000000000000000000e+00
0.000000000000000000e+00 1.000000000000000000e+00 0.000000000000000000e+00
3.691064195895708052e-03 9.963089358041041788e-01 0.000000000000000000e+00
0.000000000000000000e+00 1.000000000000000000e+00 0.000000000000000000e+00
5.780271445836878503e-04 9.994219728554163407e-01 0.000000000000000000e+00
1.723709497044585964e-03 9.982762905029552991e-01 0.000000000000000000e+00
3.438359192766725098e-03 9.965616408072333066e-01 0.000000000000000000e+00
1.664673697954194959e-04 9.998335326302045800e-01 0.000000000000000000e+00
0.000000000000000000e+00 1.000000000000000000e+00 0.000000000000000000e+00
1.025883183246866184e-05 9.999897411681675230e-01 0.000000000000000000e+00
3.644967448761139185e-03 9.963550325512390282e-01 0.000000000000000000e+00
2.359154111301043263e-05 9.999764084588870228e-01 0.000000000000000000e+00
4.308154316976871474e-05 9.999569184568303237e-01 0.000000000000000000e+00
2.085492431331649802e-04 9.997914507568665954e-01 0.000000000000000000e+00
1.246131064283435765e-04 9.998753868935716937e-01 0.000000000000000000e+00
2.207482251241388999e-03 9.977925177487586561e-01 0.000000000000000000e+00
3.439325999641129768e-04 9.996560674000359858e-01 0.000000000000000000e+00
4.629045408136543693e-05 9.999537095459186675e-01 0.000000000000000000e+00
1.778777561067166707e-05 9.999822122243893219e-01 0.000000000000000000e+00
2.651494128289132817e-06 9.999973485058715195e-01 0.000000000000000000e+00
4.436351701893422560e-03 9.955636482981067292e-01 0.000000000000000000e+00
1.141850580409567873e-03 9.988581494195905019e-01 0.000000000000000000e+00
5.990734482448808714e-04 9.994009265517550533e-01 0.000000000000000000e+00
4.439757592686359843e-06 9.999955602424070999e-01 0.000000000000000000e+00
2.058284380238007923e-04 9.997941715619761416e-01 0.000000000000000000e+00
7.144360421989765883e-07 9.999992855639577849e-01 0.000000000000000000e+00
3.037058487961669092e-06 9.999969629415120798e-01 0.000000000000000000e+00
5.436445516681891535e-03 9.945635544833182351e-01 0.000000000000000000e+00
2.788262222356798674e-04 9.997211737777642604e-01 0.000000000000000000e+00
1.290946066830522734e-05 9.999870905393317688e-01 0.000000000000000000e+00
2.786968331145947705e-04 9.997213031668853445e-01 0.000000000000000000e+00
7.011354444232600490e-05 9.999298864555576927e-01 0.000000000000000000e+00
4.697393766796965419e-06 9.999953026062332606e-01 0.000000000000000000e+00
4.983448570069866010e-03 9.950165514299301739e-01 0.000000000000000000e+00
9.114710587816609233e-04 9.990885289412183567e-01 0.000000000000000000e+00
5.036911175051876269e-05 9.999496308882495077e-01 0.000000000000000000e+00
6.886098481597875687e-02 9.311390151840212015e-01 0.000000000000000000e+00
8.971667673636566862e-08 9.999999102833232456e-01 0.000000000000000000e+00
4.486744930663781258e-04 9.995513255069335967e-01 0.000000000000000000e+00
8.712169117688529918e-02 9.128783088231147147e-01 0.000000000000000000e+00
1.395101410171664946e-01 8.604898589828335886e-01 0.000000000000000000e+00
4.496470968468382554e-03 9.955035290315314978e-01 0.000000000000000000e+00
6.444578577747166193e-02 9.355542142225283797e-01 0.000000000000000000e+00
1.895766051517108839e-03 9.981042339484829107e-01 0.000000000000000000e+00
4.911361772623124705e-02 9.508863822737688709e-01 0.000000000000000000e+00
0.000000000000000000e+00 1.000000000000000000e+00 0.000000000000000000e+00
2.479196847328871264e-04 9.997520803152670776e-01 0.000000000000000000e+00
3.128347014848182218e-03 9.968716529851516794e-01 0.000000000000000000e+00
1.956520420926877776e-03 9.980434795790732450e-01 0.000000000000000000e+00
7.455919867245278947e-06 9.999925440801328280e-01 0.000000000000000000e+00
9.461262685225131641e-03 9.905387373147748198e-01 0.000000000000000000e+00
1.012998971242701739e-02 9.898700102875730433e-01 0.000000000000000000e+00
3.811932004776148047e-02 9.618806799522385820e-01 0.000000000000000000e+00
1.283369223865011011e-01 8.716630776134990377e-01 0.000000000000000000e+00
1.367745574529904695e-01 8.632254425470093917e-01 0.000000000000000000e+00
4.178944940598669998e-04 9.995821055059401772e-01 0.000000000000000000e+00
3.212848295712201346e-02 9.678715170428779935e-01 0.000000000000000000e+00
4.551931316792500576e-08 9.999999544806869034e-01 0.000000000000000000e+00
0.000000000000000000e+00 1.000000000000000000e+00 0.000000000000000000e+00
8.971667673636566862e-08 9.999999102833232456e-01 0.000000000000000000e+00
5.605446889904702051e-03 9.943945531100951696e-01 0.000000000000000000e+00
1.218137286435184858e-07 9.999998781862714514e-01 0.000000000000000000e+00
8.819517640519075304e-04 9.991180482359481863e-01 0.000000000000000000e+00
3.072331846036408767e-05 9.999692766815395650e-01 0.000000000000000000e+00
5.831629526739262566e-07 9.999994168370472947e-01 0.000000000000000000e+00
8.815191012222841228e-04 9.991184808987777499e-01 0.000000000000000000e+00
1.720932269414817071e-05 9.999827906773059993e-01 0.000000000000000000e+00
1.145576926055416741e-03 9.988544230739446750e-01 0.000000000000000000e+00
2.197117022052190590e-06 9.999978028829779042e-01 0.000000000000000000e+00
5.567867475631336181e-03 9.944321325243686838e-01 0.000000000000000000e+00
6.761828090372602523e-04 9.993238171909627487e-01 0.000000000000000000e+00
1.147682909364828360e-03 9.988523170906351556e-01 0.000000000000000000e+00
5.892477973871260459e-04 9.994107522026127732e-01 0.000000000000000000e+00
9.333579474553128918e-02 9.066642052544686692e-01 0.000000000000000000e+00
5.466435806965890681e-02 9.453356419303410307e-01 0.000000000000000000e+00
3.217215741244473792e-02 9.678278425875551649e-01 0.000000000000000000e+00
1.086395158583513681e-01 8.913604841416487012e-01 0.000000000000000000e+00
2.092797014046764932e-05 9.999790720298595836e-01 0.000000000000000000e+00
2.913396192887797255e-05 9.999708660380710601e-01 0.000000000000000000e+00
2.595404611103438106e-02 9.740459538889655322e-01 0.000000000000000000e+00
7.497028646797462836e-02 9.250297135320253439e-01 0.000000000000000000e+00
1.678666286860705861e-02 9.832133371313929171e-01 0.000000000000000000e+00
1.164739640323850418e-02 9.883526035967614698e-01 0.000000000000000000e+00
1.086794713127304385e-02 9.891320528687269631e-01 0.000000000000000000e+00
8.046972684936702300e-03 9.919530273150632960e-01 0.000000000000000000e+00
8.148172653409497049e-03 9.918518273465906088e-01 0.000000000000000000e+00
4.346237336513176022e-03 9.956537626634868188e-01 0.000000000000000000e+00
1.699666565350518637e-03 9.983003334346495228e-01 0.000000000000000000e+00
1.699666565350518637e-03 9.983003334346495228e-01 0.000000000000000000e+00
1.699666565350518637e-03 9.983003334346495228e-01 0.000000000000000000e+00
8.734572301004387557e-03 9.912654276989956159e-01 0.000000000000000000e+00
7.991419513981664127e-03 9.920085804860182543e-01 0.000000000000000000e+00
3.267959102535947782e-06 9.999967320408974514e-01 0.000000000000000000e+00
1.460047081323520370e-08 9.999999853995292787e-01 0.000000000000000000e+00
1.460047081323520370e-08 9.999999853995292787e-01 0.000000000000000000e+00
1.766429652745656758e-04 9.998233570347254684e-01 0.000000000000000000e+00
2.077885066122589150e-02 9.792211493387741328e-01 0.000000000000000000e+00
4.533031166921319298e-04 9.995466968833077726e-01 0.000000000000000000e+00
8.571580851002392337e-03 9.914284191489975973e-01 0.000000000000000000e+00
2.276813868435458618e-04 9.997723186131564077e-01 0.000000000000000000e+00
6.126804025456569595e-05 9.999387319597453638e-01 0.000000000000000000e+00
4.949612814266893424e-06 9.999950503871858354e-01 0.000000000000000000e+00
3.936855111240485311e-04 9.996063144888759355e-01 0.000000000000000000e+00
1.292568208006479764e-02 9.870743179199352735e-01 0.000000000000000000e+00
7.013920714408439401e-03 9.929860792855916829e-01 0.000000000000000000e+00
6.011424435264207077e-03 9.939885755647358545e-01 0.000000000000000000e+00
9.912295006919657342e-03 9.900877049930802976e-01 0.000000000000000000e+00
6.134791526146873147e-03 9.938652084738531789e-01 0.000000000000000000e+00
8.608685309301998545e-03 9.913913146906979668e-01 0.000000000000000000e+00
3.634018884513381519e-03 9.963659811154866874e-01 0.000000000000000000e+00
8.601404582320918910e-03 9.913985954176791626e-01 0.000000000000000000e+00
9.617046947091681744e-03 9.903829530529082437e-01 0.000000000000000000e+00
5.297730942651922292e-03 9.947022690573480430e-01 0.000000000000000000e+00
1.630000224331441816e-03 9.983699997756684263e-01 0.000000000000000000e+00
8.388368151874272052e-03 9.916116318481256187e-01 0.000000000000000000e+00
2.129716071659483803e-02 9.787028392834050683e-01 0.000000000000000000e+00
9.083025043241420640e-03 9.909169749567585672e-01 0.000000000000000000e+00
1.684282015669455804e-02 9.831571798433054177e-01 0.000000000000000000e+00
1.354143389811766733e-02 9.864585661018823171e-01 0.000000000000000000e+00
4.275311378767571863e-02 9.572468862123243438e-01 0.000000000000000000e+00
8.973138808244065720e-03 9.910268611917558701e-01 0.000000000000000000e+00
4.040602088659778890e-05 9.999595939791133814e-01 0.000000000000000000e+00
8.723759537941360747e-07 9.999991276240461913e-01 0.000000000000000000e+00
8.040735102507494056e-04 9.991959264897491977e-01 0.000000000000000000e+00
4.052445433117127021e-05 9.999594755456687745e-01 0.000000000000000000e+00
4.582191679226417341e-07 9.999995417808319464e-01 0.000000000000000000e+00
4.951563861555918986e-06 9.999950484361384007e-01 0.000000000000000000e+00
7.336854442731346586e-06 9.999926631455572368e-01 0.000000000000000000e+00
1.888611019166209148e-04 9.998111388980832626e-01 0.000000000000000000e+00
5.574537786997843996e-05 9.999442546221299910e-01 0.000000000000000000e+00
2.031125763227993554e-04 9.997968874236772274e-01 0.000000000000000000e+00
6.072541514011508580e-03 9.939274584859885131e-01 0.000000000000000000e+00
9.992040316589574211e-04 9.990007959683410155e-01 0.000000000000000000e+00
0.000000000000000000e+00 1.000000000000000000e+00 0.000000000000000000e+00
5.844602660377442275e-05 9.999415539733961245e-01 0.000000000000000000e+00
2.391566444889592558e-05 9.999760843355510742e-01 0.000000000000000000e+00
6.614422930996923160e-11 9.999999999338557988e-01 0.000000000000000000e+00
3.439325999641129768e-04 9.996560674000359858e-01 0.000000000000000000e+00
1.685300684353980693e-04 9.998314699315646870e-01 0.000000000000000000e+00
6.190869068061546085e-04 9.993809130931937679e-01 0.000000000000000000e+00
1.595765835777971211e-04 9.998404234164220972e-01 0.000000000000000000e+00
7.930403175955836042e-05 9.999206959682404028e-01 0.000000000000000000e+00
0.000000000000000000e+00 1.000000000000000000e+00 0.000000000000000000e+00
2.326711622929058349e-04 9.997673288377070255e-01 0.000000000000000000e+00
1.493336699053528444e-03 9.985066633009465065e-01 0.000000000000000000e+00
1.086155649520761684e-05 9.999891384435047881e-01 0.000000000000000000e+00
0.000000000000000000e+00 1.000000000000000222e+00 0.000000000000000000e+00
9.137878211071493657e-07 9.999990862121789226e-01 0.000000000000000000e+00
3.102800762221597559e-06 9.999968971992378997e-01 0.000000000000000000e+00
0.000000000000000000e+00 1.000000000000000000e+00 0.000000000000000000e+00
6.232139982238003428e-04 9.993767860017762628e-01 0.000000000000000000e+00
2.010944360771889491e-04 9.997989055639227018e-01 0.000000000000000000e+00
5.232892543673250653e-05 9.999476710745632824e-01 0.000000000000000000e+00
2.068643308969085777e-04 9.997931356691029947e-01 0.000000000000000000e+00
3.188261050307610166e-06 9.999968117389497202e-01 0.000000000000000000e+00
6.863453471838484995e-04 9.993136546528161857e-01 0.000000000000000000e+00
0.000000000000000000e+00 1.000000000000000000e+00 0.000000000000000000e+00
5.903660534248891576e-08 9.999999409633946179e-01 0.000000000000000000e+00
1.425257967623769067e-06 9.999985747420323534e-01 0.000000000000000000e+00
4.357670585744466884e-05 9.999564232941424713e-01 0.000000000000000000e+00
1.500355536979819371e-04 9.998499644463020308e-01 0.000000000000000000e+00
3.180529999449918633e-04 9.996819470000549712e-01 0.000000000000000000e+00
1.328356812251134781e-06 9.999986716431877865e-01 0.000000000000000000e+00
2.339770575509696691e-06 9.999976602294243788e-01 0.000000000000000000e+00
1.110790986214248066e-05 9.999888920901378597e-01 0.000000000000000000e+00
4.297041775605052981e-04 9.995702958224395029e-01 0.000000000000000000e+00
2.334984007853375954e-02 9.766501599214661988e-01 0.000000000000000000e+00
5.543317226988346167e-04 9.994456682773010803e-01 0.000000000000000000e+00
5.598483040708194646e-04 9.994401516959291465e-01 0.000000000000000000e+00
3.868132710558134396e-04 9.996131867289441697e-01 0.000000000000000000e+00
2.150216430581546479e-03 9.978497835694184470e-01 0.000000000000000000e+00
2.280450046331264116e-05 9.999771954995367862e-01 0.000000000000000000e+00
4.886091393059526210e-05 9.999511390860693627e-01 0.000000000000000000e+00
5.206904487924461080e-04 9.994793095512074510e-01 0.000000000000000000e+00
1.081640912416817913e-03 9.989183590875831964e-01 0.000000000000000000e+00
2.628939525553483929e-04 9.997371060474447013e-01 0.000000000000000000e+00
2.281283087473271517e-04 9.997718716912527004e-01 0.000000000000000000e+00
1.092244069630980696e-02 9.890775593036902347e-01 0.000000000000000000e+00
0.000000000000000000e+00 1.000000000000000000e+00 0.000000000000000000e+00
1.528306163059360753e-08 9.999999847169382949e-01 0.000000000000000000e+00
3.101203937585426653e-06 9.999968987960623501e-01 0.000000000000000000e+00
1.442103899223256863e-05 9.999855789610077039e-01 0.000000000000000000e+00
1.325823927870199573e-03 9.986741760721298267e-01 0.000000000000000000e+00
1.690608624739996192e-03 9.983093913752599802e-01 0.000000000000000000e+00
7.115517590470137651e-04 9.992884482409529756e-01 0.000000000000000000e+00
4.002203679137918023e-06 9.999959977963207569e-01 0.000000000000000000e+00
0.000000000000000000e+00 1.000000000000000000e+00 0.000000000000000000e+00
3.283175452636412936e-05 9.999671682454736032e-01 0.000000000000000000e+00
2.402278113413825085e-03 9.975977218865861307e-01 0.000000000000000000e+00
2.481382396999426898e-04 9.997518617603000646e-01 0.000000000000000000e+00
8.470506340180375417e-07 9.999991529493659215e-01 0.000000000000000000e+00
9.259991003589672365e-03 9.907400089964104595e-01 0.000000000000000000e+00
8.292238116324482378e-02 9.170776188367550930e-01 0.000000000000000000e+00
9.196417596839462968e-04 9.990803582403160465e-01 0.000000000000000000e+00
3.092941210002803218e-04 9.996907058789996636e-01 0.000000000000000000e+00
8.133602696631743803e-03 9.918663973033683412e-01 0.000000000000000000e+00
5.047335452112966005e-03 9.949526645478871112e-01 0.000000000000000000e+00
1.082326194775913752e-05 9.999891767380523211e-01 0.000000000000000000e+00
2.870496842440280888e-03 9.971295031575596601e-01 0.000000000000000000e+00
1.649928513034073932e-03 9.983500714869659731e-01 0.000000000000000000e+00
0.000000000000000000e+00 1.000000000000000000e+00 0.000000000000000000e+00
1.149744406550636758e-03 9.988502555934493099e-01 0.000000000000000000e+00
2.960996886851654058e-05 9.999703900311316396e-01 0.000000000000000000e+00
1.257104107557816702e-04 9.998742895892441807e-01 0.000000000000000000e+00
3.621593825608752037e-05 9.999637840617441320e-01 0.000000000000000000e+00
3.108575623150897343e-03 9.968914243768490779e-01 0.000000000000000000e+00
2.376848641880500912e-06 9.999976231513580949e-01 0.000000000000000000e+00
1.861570180677213913e-04 9.998138429819323214e-01 0.000000000000000000e+00
1.081640912416817913e-03 9.989183590875831964e-01 0.000000000000000000e+00
9.196417596839462968e-04 9.990803582403160465e-01 0.000000000000000000e+00
5.047335452112966005e-03 9.949526645478871112e-01 0.000000000000000000e+00
1.200993024782451637e-02 9.879900697521755149e-01 0.000000000000000000e+00
5.093772647858645954e-03 9.949062273521414035e-01 0.000000000000000000e+00
0.000000000000000000e+00 1.000000000000000000e+00 0.000000000000000000e+00
2.767061085115974566e-05 9.999723293891488174e-01 0.000000000000000000e+00
2.628939525553483929e-04 9.997371060474447013e-01 0.000000000000000000e+00
4.886091393059526210e-05 9.999511390860693627e-01 0.000000000000000000e+00
7.904835746483410489e-03 9.920951642535165149e-01 0.000000000000000000e+00
1.256500407188586646e-02 9.874349959281142342e-01 0.000000000000000000e+00
1.128450079660285078e-02 9.887154992033972967e-01 0.000000000000000000e+00
1.077511121079013229e-02 9.892248887892098885e-01 0.000000000000000000e+00
1.170621322638584240e-02 9.882937867736142357e-01 0.000000000000000000e+00
1.406227582054295558e-02 9.859377241794571312e-01 0.000000000000000000e+00
1.406227582054295558e-02 9.859377241794571312e-01 0.000000000000000000e+00
1.412051484522520821e-02 9.858794851547746374e-01 0.000000000000000000e+00
1.190540735998337971e-02 9.880945926400166446e-01 0.000000000000000000e+00
8.511272523333973661e-03 9.914887274766660541e-01 0.000000000000000000e+00
6.598532466738387357e-03 9.934014675332615285e-01 0.000000000000000000e+00
1.200993024782451637e-02 9.879900697521755149e-01 0.000000000000000000e+00
1.200993024782451637e-02 9.879900697521755149e-01 0.000000000000000000e+00
4.295862644646969712e-04 9.995704137355353458e-01 0.000000000000000000e+00
3.742234019738614054e-03 9.962577659802612784e-01 0.000000000000000000e+00
4.295862644646969712e-04 9.995704137355353458e-01 0.000000000000000000e+00
1.591177422645521922e-04 9.998408822577355970e-01 0.000000000000000000e+00
4.680096412332553210e-04 9.995319903587666088e-01 0.000000000000000000e+00
4.520229626943932273e-03 9.954797703730561276e-01 0.000000000000000000e+00
9.982715852524207828e-05 9.999001728414748102e-01 0.000000000000000000e+00
1.253550765632878363e-04 9.998746449234368061e-01 0.000000000000000000e+00
0.000000000000000000e+00 1.000000000000000000e+00 0.000000000000000000e+00
1.335842199925227000e-02 9.866415780007476988e-01 0.000000000000000000e+00
4.017597251943550403e-06 9.999959824027480071e-01 0.000000000000000000e+00
1.475443932066835139e-06 9.999985245560678582e-01 0.000000000000000000e+00
6.325628558717255312e-06 9.999936743714412657e-01 0.000000000000000000e+00
9.835051830290222327e-06 9.999901649481696131e-01 0.000000000000000000e+00
8.949091329050540885e-04 9.991050908670949804e-01 0.000000000000000000e+00
2.509385202228829552e-05 9.999749061479777934e-01 0.000000000000000000e+00
4.880467747396461981e-04 9.995119532252603189e-01 0.000000000000000000e+00
2.281878818264203453e-05 9.999771812118173342e-01 0.000000000000000000e+00
1.031661023823903206e-04 9.998968338976176318e-01 0.000000000000000000e+00
1.891918087222814937e-03 9.981080819127771120e-01 0.000000000000000000e+00
1.118205215059714982e-03 9.988817947849402135e-01 0.000000000000000000e+00
3.880280157332981878e-05 9.999611971984266878e-01 0.000000000000000000e+00
2.585746423412355619e-04 9.997414253576588639e-01 0.000000000000000000e+00
1.435678163511606035e-05 9.999856432183649169e-01 0.000000000000000000e+00
2.828435781169007755e-04 9.997171564218830797e-01 0.000000000000000000e+00
2.760109725013567634e-07 9.999997239890274781e-01 0.000000000000000000e+00
4.918238300261591756e-03 9.950817616997382764e-01 0.000000000000000000e+00
0.000000000000000000e+00 1.000000000000000000e+00 0.000000000000000000e+00
0.000000000000000000e+00 9.999999999999998890e-01 0.000000000000000000e+00
8.439452627321975160e-08 9.999999156054736327e-01 0.000000000000000000e+00
4.585021055512082449e-04 9.995414978944487938e-01 0.000000000000000000e+00
5.546397025713034733e-08 9.999999445360296946e-01 0.000000000000000000e+00
4.520229626943932273e-03 9.954797703730561276e-01 0.000000000000000000e+00
2.794784377115112504e-06 9.999972052156228530e-01 0.000000000000000000e+00
7.487338069821908304e-04 9.992512661930178508e-01 0.000000000000000000e+00
6.937669385896168273e-02 9.306233061410382756e-01 0.000000000000000000e+00
2.610567380487986886e-07 9.999997389432618844e-01 0.000000000000000000e+00
2.635283011904650534e-04 9.997364716988096367e-01 0.000000000000000000e+00
9.017480542249836639e-02 9.098251945775016614e-01 0.000000000000000000e+00
1.440636666663253906e-01 8.559363333336744706e-01 0.000000000000000000e+00
4.168475334260034193e-03 9.958315246657399866e-01 0.000000000000000000e+00
6.278545680828223619e-02 9.372145431917179303e-01 0.000000000000000000e+00
1.252165841336563314e-03 9.987478341586635278e-01 0.000000000000000000e+00
5.271259560958450191e-02 9.472874043904155883e-01 0.000000000000000000e+00
1.215622720582210739e-05 9.999878437727941494e-01 0.000000000000000000e+00
8.523448737409815811e-04 9.991476551262591377e-01 0.000000000000000000e+00
1.364233604016709331e-03 9.986357663959832820e-01 0.000000000000000000e+00
6.904475716374882516e-06 9.999930955242835040e-01 0.000000000000000000e+00
1.288789073146522886e-05 9.999871121092684945e-01 0.000000000000000000e+00
1.158165517425897156e-02 9.884183448257409799e-01 0.000000000000000000e+00
1.037039405144723515e-02 9.896296059485526486e-01 0.000000000000000000e+00
4.035026415517931064e-02 9.596497358448206061e-01 0.000000000000000000e+00
1.298940237770540851e-01 8.701059762229458316e-01 0.000000000000000000e+00
1.399008401403640245e-01 8.600991598596361420e-01 0.000000000000000000e+00
0.000000000000000000e+00 1.000000000000000000e+00 0.000000000000000000e+00
3.136147636377825481e-04 9.996863852363622183e-01 0.000000000000000000e+00
2.610567380487986886e-07 9.999997389432618844e-01 0.000000000000000000e+00
0.000000000000000000e+00 1.000000000000000000e+00 0.000000000000000000e+00
3.841066033049441949e-05 9.999615893396694988e-01 0.000000000000000000e+00
1.033672308047505709e-05 9.999896632769196270e-01 0.000000000000000000e+00
2.181028540001838631e-06 9.999978189714600063e-01 0.000000000000000000e+00
2.033874004633050910e-04 9.997966125995367825e-01 0.000000000000000000e+00
6.904475716374882516e-06 9.999930955242835040e-01 0.000000000000000000e+00
4.343234804926081804e-04 9.995656765195074511e-01 0.000000000000000000e+00
1.425257967623769067e-06 9.999985747420323534e-01 0.000000000000000000e+00
4.889292493132674396e-03 9.951107075068673646e-01 0.000000000000000000e+00
5.076739003324670435e-04 9.994923260996675385e-01 0.000000000000000000e+00
6.231085552982358177e-04 9.993768914447018759e-01 0.000000000000000000e+00
9.706173976027986094e-02 9.029382602397200142e-01 0.000000000000000000e+00
7.455947631375006712e-02 9.254405236862500717e-01 0.000000000000000000e+00
3.506282619604699641e-02 9.649371738039529411e-01 0.000000000000000000e+00
1.096817561101756239e-01 8.903182438898243900e-01 0.000000000000000000e+00
2.465380897209241479e-05 9.999753461910279029e-01 0.000000000000000000e+00
4.754551441965680883e-07 9.999995245448557446e-01 0.000000000000000000e+00
7.680261905715100867e-02 9.231973809428490885e-01 0.000000000000000000e+00
2.912952622391859134e-02 9.708704737760813774e-01 0.000000000000000000e+00
1.256198622358731774e-02 9.874380137764126042e-01 0.000000000000000000e+00
1.232940975545529505e-02 9.876705902445447327e-01 0.000000000000000000e+00
1.220392501263666690e-02 9.877960749873633262e-01 0.000000000000000000e+00
1.133955325285818452e-02 9.886604467471418189e-01 0.000000000000000000e+00
5.660972100994998181e-03 9.943390278990050790e-01 0.000000000000000000e+00
1.715958719452771080e-03 9.982840412805471519e-01 0.000000000000000000e+00
3.163345056404154483e-03 9.968366549435956347e-01 0.000000000000000000e+00
3.163345056404154483e-03 9.968366549435956347e-01 0.000000000000000000e+00
8.135624731338938348e-03 9.918643752686611137e-01 0.000000000000000000e+00
1.054804046642309444e-02 9.894519595335770079e-01 0.000000000000000000e+00
9.825044186422546557e-06 9.999901749558136599e-01 0.000000000000000000e+00
0.000000000000000000e+00 1.000000000000000222e+00 0.000000000000000000e+00
2.858857842912272720e-07 9.999997141142157320e-01 0.000000000000000000e+00
1.715958719452771080e-03 9.982840412805471519e-01 0.000000000000000000e+00
2.237650239555898438e-02 9.776234976044410052e-01 0.000000000000000000e+00
1.796734695807572283e-06 9.999982032653040864e-01 0.000000000000000000e+00
1.286979019848107086e-02 9.871302098015189985e-01 0.000000000000000000e+00
3.205527984704827017e-04 9.996794472015296806e-01 0.000000000000000000e+00
8.227212409021464020e-05 9.999177278759098231e-01 0.000000000000000000e+00
8.524486173950426501e-03 9.914755138260495926e-01 0.000000000000000000e+00
1.192300202742535044e-02 9.880769979725747554e-01 0.000000000000000000e+00
6.837977346024055186e-03 9.931620226539759066e-01 0.000000000000000000e+00
1.393831478368395653e-02 9.860616852163160972e-01 0.000000000000000000e+00
2.126271119178360213e-03 9.978737288808215977e-01 0.000000000000000000e+00
8.864693765272988954e-03 9.911353062347270093e-01 0.000000000000000000e+00
7.660018865584738643e-03 9.923399811344151278e-01 0.000000000000000000e+00
1.843187203290639828e-02 9.815681279670935844e-01 0.000000000000000000e+00
1.054767802283502511e-03 9.989452321977164706e-01 0.000000000000000000e+00
4.857634793195520634e-02 9.514236520680449116e-01 0.000000000000000000e+00
2.507869816883064040e-02 9.749213018311693180e-01 0.000000000000000000e+00
9.287363558562300447e-03 9.907126364414376996e-01 0.000000000000000000e+00
2.642850437790226006e-02 9.735714956220978822e-01 0.000000000000000000e+00
1.436010145557596596e-02 9.856398985444240202e-01 0.000000000000000000e+00
4.271796360536132819e-02 9.572820363946386024e-01 0.000000000000000000e+00
1.196451384912192856e-02 9.880354861508781061e-01 0.000000000000000000e+00
3.777318498637371839e-04 9.996222681501362173e-01 0.000000000000000000e+00
1.711174168222450969e-05 9.999828882583178258e-01 0.000000000000000000e+00
1.254750963064949843e-03 9.987452490369350677e-01 0.000000000000000000e+00
8.591191788759359397e-06 9.999914088082111352e-01 0.000000000000000000e+00
0.000000000000000000e+00 9.999999999999998890e-01 0.000000000000000000e+00
1.649928513034073932e-03 9.983500714869659731e-01 0.000000000000000000e+00
0.000000000000000000e+00 1.000000000000000000e+00 0.000000000000000000e+00
2.339770575509696691e-06 9.999976602294243788e-01 0.000000000000000000e+00
9.738144751346299477e-06 9.999902618552486411e-01 0.000000000000000000e+00
3.672742607746636842e-05 9.999632725739224792e-01 0.000000000000000000e+00
6.156080616682296780e-04 9.993843919383317287e-01 0.000000000000000000e+00
1.031717134495546212e-04 9.998968282865503543e-01 0.000000000000000000e+00
1.709685080309916987e-04 9.998290314919691113e-01 0.000000000000000000e+00
1.957423684348158361e-05 9.999804257631565996e-01 0.000000000000000000e+00
0.000000000000000000e+00 1.000000000000000000e+00 0.000000000000000000e+00
1.124862385649989968e-05 9.999887513761435143e-01 0.000000000000000000e+00
1.125641537443725916e-06 9.999988743584626860e-01 0.000000000000000000e+00
1.352966251510091551e-03 9.986470337484898430e-01 0.000000000000000000e+00
2.870496842440280888e-03 9.971295031575596601e-01 0.000000000000000000e+00
4.611311071002503130e-04 9.995388688928996679e-01 0.000000000000000000e+00
2.075967233295271604e-07 9.999997924032765217e-01 0.000000000000000000e+00
5.176842983245834896e-07 9.999994823157015711e-01 0.000000000000000000e+00
2.607195281232621857e-06 9.999973928047187766e-01 0.000000000000000000e+00
2.192849431576730703e-03 9.978071505684231735e-01 0.000000000000000000e+00
0.000000000000000000e+00 1.000000000000000222e+00 0.000000000000000000e+00
2.737228088254281044e-06 9.999972627719116991e-01 0.000000000000000000e+00
4.585848316995945289e-05 9.999541415168300418e-01 0.000000000000000000e+00
4.585848316995945289e-05 9.999541415168300418e-01 0.000000000000000000e+00
0.000000000000000000e+00 1.000000000000000000e+00 0.000000000000000000e+00
1.028011303197595008e-05 9.999897198869679427e-01 0.000000000000000000e+00
3.985761581064282998e-05 9.999601423841893988e-01 0.000000000000000000e+00
7.455919867245278947e-06 9.999925440801328280e-01 0.000000000000000000e+00
4.551931316792500576e-08 9.999999544806869034e-01 0.000000000000000000e+00
3.072331846036408767e-05 9.999692766815395650e-01 0.000000000000000000e+00
1.956520420926877776e-03 9.980434795790732450e-01 0.000000000000000000e+00
7.455919867245278947e-06 9.999925440801328280e-01 0.000000000000000000e+00
1.288789073146522886e-05 9.999871121092684945e-01 0.000000000000000000e+00
2.033874004633050910e-04 9.997966125995367825e-01 0.000000000000000000e+00
1.288789073146522886e-05 9.999871121092684945e-01 0.000000000000000000e+00
1.934071216782288669e-04 9.998065928783218537e-01 0.000000000000000000e+00
1.288789073146522886e-05 9.999871121092684945e-01 0.000000000000000000e+00
