8.660000000000000000e+02 3.320000000000000000e+02 1.300000000000000000e+01
8.500000000000000000e+02 3.170000000000000000e+02 -3.000000000000000000e+00
8.260000000000000000e+02 3.110000000000000000e+02 -1.600000000000000000e+01
7.930000000000000000e+02 3.140000000000000000e+02 -2.600000000000000000e+01
7.470000000000000000e+02 3.300000000000000000e+02 -3.100000000000000000e+01
7.520000000000000000e+02 3.050000000000000000e+02 -3.700000000000000000e+01
7.960000000000000000e+02 2.990000000000000000e+02 -2.900000000000000000e+01
8.320000000000000000e+02 2.970000000000000000e+02 -1.300000000000000000e+01
8.580000000000000000e+02 3.060000000000000000e+02 5.000000000000000000e+00
8.750000000000000000e+02 3.240000000000000000e+02 2.800000000000000000e+01
5.480000000000000000e+02 3.260000000000000000e+02 1.800000000000000000e+01
5.640000000000000000e+02 3.120000000000000000e+02 1.000000000000000000e+00
5.880000000000000000e+02 3.060000000000000000e+02 -1.300000000000000000e+01
6.210000000000000000e+02 3.080000000000000000e+02 -2.400000000000000000e+01
6.670000000000000000e+02 3.250000000000000000e+02 -3.000000000000000000e+01
6.620000000000000000e+02 2.990000000000000000e+02 -3.600000000000000000e+01
6.190000000000000000e+02 2.930000000000000000e+02 -2.700000000000000000e+01
5.820000000000000000e+02 2.910000000000000000e+02 -1.000000000000000000e+01
5.550000000000000000e+02 3.000000000000000000e+02 1.000000000000000000e+01
5.390000000000000000e+02 3.180000000000000000e+02 3.300000000000000000e+01
7.460000000000000000e+02 4.170000000000000000e+02 -2.500000000000000000e+01
7.570000000000000000e+02 4.480000000000000000e+02 -2.700000000000000000e+01
7.680000000000000000e+02 4.870000000000000000e+02 -2.200000000000000000e+01
7.550000000000000000e+02 5.070000000000000000e+02 -3.300000000000000000e+01
7.260000000000000000e+02 5.120000000000000000e+02 -5.100000000000000000e+01
7.030000000000000000e+02 5.120000000000000000e+02 -5.600000000000000000e+01
6.790000000000000000e+02 5.110000000000000000e+02 -5.100000000000000000e+01
6.520000000000000000e+02 5.050000000000000000e+02 -3.200000000000000000e+01
6.410000000000000000e+02 4.840000000000000000e+02 -2.100000000000000000e+01
6.520000000000000000e+02 4.460000000000000000e+02 -2.600000000000000000e+01
6.650000000000000000e+02 4.160000000000000000e+02 -2.300000000000000000e+01
7.060000000000000000e+02 3.870000000000000000e+02 -4.900000000000000000e+01
7.050000000000000000e+02 4.090000000000000000e+02 -6.500000000000000000e+01
7.050000000000000000e+02 4.280000000000000000e+02 -8.200000000000000000e+01
7.040000000000000000e+02 4.480000000000000000e+02 -9.900000000000000000e+01
7.030000000000000000e+02 4.740000000000000000e+02 -1.070000000000000000e+02
6.324848484848484986e+02 5.827878787878787534e+02 3.545454545454545414e+00
6.364040404040404155e+02 5.946868686868687064e+02 -5.989898989898989612e+00
6.433333333333333712e+02 6.077878787878787534e+02 -1.729292929292929415e+01
6.563232323232323324e+02 6.224848484848484986e+02 -2.594949494949494806e+01
6.754141414141414543e+02 6.323030303030302548e+02 -3.345454545454545325e+01
6.995353535353535790e+02 6.354242424242423795e+02 -3.512121212121212466e+01
7.245050505050504626e+02 6.321717171717172050e+02 -3.454545454545454675e+01
7.451818181818181301e+02 6.218888888888889142e+02 -2.800000000000000000e+01
7.605050505050504626e+02 6.067676767676767895e+02 -1.987878787878787890e+01
7.698888888888889142e+02 5.930909090909091219e+02 -9.252525252525252597e+00
7.758484848484848726e+02 5.806767676767676676e+02 -2.222222222222222099e-01
7.710808080808080831e+02 5.711313131313131635e+02 -1.558585858585858652e+01
7.615151515151515014e+02 5.625555555555555429e+02 -3.061616161616161591e+01
7.474040404040404155e+02 5.534141414141414543e+02 -4.424242424242424221e+01
7.245353535353535790e+02 5.453232323232323324e+02 -5.421212121212121104e+01
7.015050505050504626e+02 5.487474747474747119e+02 -5.628282828282828376e+01
6.792626262626262132e+02 5.458989898989899530e+02 -5.314141414141413833e+01
6.583232323232323324e+02 5.545757575757576205e+02 -4.211111111111111427e+01
6.454343434343434183e+02 5.639797979797980361e+02 -2.765656565656565746e+01
6.369494949494949196e+02 5.729292929292929557e+02 -1.195959595959596022e+01
6.399898989898989612e+02 5.829696969696969973e+02 -2.060606060606060552e+00
6.498181818181818699e+02 5.886161616161616621e+02 -7.171717171717172157e+00
6.575353535353535790e+02 5.926363636363636260e+02 -1.580808080808080796e+01
6.682222222222221717e+02 5.965050505050504626e+02 -2.379797979797979934e+01
6.823636363636363740e+02 5.992626262626262132e+02 -3.029292929292929415e+01
7.001515151515151274e+02 6.004949494949495374e+02 -3.307070707070707272e+01
7.189191919191919169e+02 5.986262626262625872e+02 -3.135353535353535293e+01
7.344343434343434183e+02 5.951818181818181301e+02 -2.544444444444444287e+01
7.469797979797980361e+02 5.910505050505050804e+02 -1.815151515151515227e+01
7.564343434343434183e+02 5.868585858585859114e+02 -1.007070707070707094e+01
7.680000000000000000e+02 5.807878787878787534e+02 -5.333333333333333037e+00
7.580707070707070443e+02 5.764747474747474598e+02 -1.369696969696969724e+01
7.479898989898989612e+02 5.731616161616161662e+02 -2.410101010101010033e+01
7.355858585858585457e+02 5.706969696969697452e+02 -3.276767676767676818e+01
7.201616161616161662e+02 5.697777777777778283e+02 -3.927272727272727337e+01
7.016868686868687064e+02 5.645858585858585457e+02 -4.913131313131312794e+01
6.847070707070706703e+02 5.702525252525252881e+02 -3.825252525252525260e+01
6.703434343434342964e+02 5.717171717171717091e+02 -3.096969696969696884e+01
6.591111111111110858e+02 5.745858585858585457e+02 -2.187878787878787890e+01
6.499898989898989612e+02 5.783030303030302548e+02 -1.081818181818181834e+01
8.430000000000000000e+02 3.720000000000000000e+02 2.500000000000000000e+01
8.360000000000000000e+02 3.780000000000000000e+02 1.900000000000000000e+01
8.290000000000000000e+02 3.830000000000000000e+02 1.400000000000000000e+01
8.190000000000000000e+02 3.860000000000000000e+02 9.000000000000000000e+00
8.040000000000000000e+02 3.870000000000000000e+02 5.000000000000000000e+00
7.890000000000000000e+02 3.850000000000000000e+02 4.000000000000000000e+00
7.740000000000000000e+02 3.830000000000000000e+02 7.000000000000000000e+00
7.640000000000000000e+02 3.820000000000000000e+02 1.100000000000000000e+01
7.590000000000000000e+02 3.800000000000000000e+02 1.100000000000000000e+01
7.650000000000000000e+02 3.740000000000000000e+02 9.000000000000000000e+00
7.760000000000000000e+02 3.640000000000000000e+02 5.000000000000000000e+00
7.920000000000000000e+02 3.570000000000000000e+02 2.000000000000000000e+00
8.090000000000000000e+02 3.550000000000000000e+02 2.000000000000000000e+00
8.250000000000000000e+02 3.580000000000000000e+02 6.000000000000000000e+00
8.340000000000000000e+02 3.640000000000000000e+02 1.200000000000000000e+01
8.390000000000000000e+02 3.680000000000000000e+02 1.800000000000000000e+01
5.740000000000000000e+02 3.660000000000000000e+02 2.900000000000000000e+01
5.800000000000000000e+02 3.720000000000000000e+02 2.300000000000000000e+01
5.860000000000000000e+02 3.770000000000000000e+02 1.800000000000000000e+01
5.960000000000000000e+02 3.800000000000000000e+02 1.200000000000000000e+01
6.110000000000000000e+02 3.820000000000000000e+02 8.000000000000000000e+00
6.260000000000000000e+02 3.810000000000000000e+02 7.000000000000000000e+00
6.400000000000000000e+02 3.780000000000000000e+02 1.000000000000000000e+01
6.500000000000000000e+02 3.770000000000000000e+02 1.300000000000000000e+01
6.550000000000000000e+02 3.760000000000000000e+02 1.300000000000000000e+01
6.500000000000000000e+02 3.690000000000000000e+02 1.100000000000000000e+01
6.390000000000000000e+02 3.590000000000000000e+02 7.000000000000000000e+00
6.240000000000000000e+02 3.520000000000000000e+02 4.000000000000000000e+00
6.080000000000000000e+02 3.500000000000000000e+02 5.000000000000000000e+00
5.920000000000000000e+02 3.530000000000000000e+02 1.000000000000000000e+01
5.830000000000000000e+02 3.580000000000000000e+02 1.600000000000000000e+01
5.780000000000000000e+02 3.620000000000000000e+02 2.200000000000000000e+01
9.080000000000000000e+02 4.380000000000000000e+02 1.790000000000000000e+02
9.070000000000000000e+02 4.820000000000000000e+02 1.790000000000000000e+02
9.010000000000000000e+02 5.300000000000000000e+02 1.710000000000000000e+02
8.880000000000000000e+02 5.820000000000000000e+02 1.550000000000000000e+02
8.680000000000000000e+02 6.240000000000000000e+02 1.270000000000000000e+02
8.470000000000000000e+02 6.540000000000000000e+02 9.900000000000000000e+01
8.190000000000000000e+02 6.800000000000000000e+02 7.700000000000000000e+01
7.950000000000000000e+02 6.990000000000000000e+02 6.000000000000000000e+01
7.690000000000000000e+02 7.160000000000000000e+02 4.100000000000000000e+01
7.380000000000000000e+02 7.300000000000000000e+02 2.900000000000000000e+01
7.000000000000000000e+02 7.340000000000000000e+02 2.500000000000000000e+01
6.610000000000000000e+02 7.280000000000000000e+02 3.000000000000000000e+01
6.330000000000000000e+02 7.130000000000000000e+02 4.300000000000000000e+01
6.100000000000000000e+02 6.930000000000000000e+02 6.300000000000000000e+01
5.890000000000000000e+02 6.730000000000000000e+02 8.000000000000000000e+01
5.640000000000000000e+02 6.450000000000000000e+02 1.020000000000000000e+02
5.450000000000000000e+02 6.140000000000000000e+02 1.310000000000000000e+02
5.270000000000000000e+02 5.710000000000000000e+02 1.590000000000000000e+02
5.140000000000000000e+02 5.190000000000000000e+02 1.760000000000000000e+02
5.080000000000000000e+02 4.710000000000000000e+02 1.840000000000000000e+02
5.060000000000000000e+02 4.270000000000000000e+02 1.840000000000000000e+02
7.740000000000000000e+02 4.620000000000000000e+02 -2.100000000000000000e+01
7.960000000000000000e+02 4.780000000000000000e+02 -1.700000000000000000e+01
8.240000000000000000e+02 5.020000000000000000e+02 -1.000000000000000000e+01
8.370000000000000000e+02 5.350000000000000000e+02 7.000000000000000000e+00
8.400000000000000000e+02 5.930000000000000000e+02 3.400000000000000000e+01
8.220000000000000000e+02 6.570000000000000000e+02 5.700000000000000000e+01
5.860000000000000000e+02 6.490000000000000000e+02 6.000000000000000000e+01
5.700000000000000000e+02 5.850000000000000000e+02 3.900000000000000000e+01
5.720000000000000000e+02 5.280000000000000000e+02 1.100000000000000000e+01
5.850000000000000000e+02 4.970000000000000000e+02 -6.000000000000000000e+00
6.130000000000000000e+02 4.740000000000000000e+02 -1.500000000000000000e+01
6.350000000000000000e+02 4.590000000000000000e+02 -1.900000000000000000e+01
